#CHROM POS IID_H121248_N02_02_WG01 IID_H121248_T03_02_WG01
1 916655 0.02 0.2
1 9876572 0.03 0.252
1 47601185 0.03 0.19
1 55028328 0.052 0.311
1 57751806 0.042 0.234
1 57815975 0.038 0.224
1 65975492 0.041 0.308
1 80372201 0.027 0.235
1 82628096 0.026 0.201
1 83862930 0.025 0.31
1 89721752 0.037 0.25
1 90477156 0.043 0.207
1 95161787 0.035 0.268
1 102542496 0.034 0.267
1 108570246 0.021 0.156
1 110623739 0.037 0.167
1 110952968 0.048 0.22
1 111556971 0.071 0.498
1 112403176 0.054 0.176
1 112786840 0.033 0.221
1 120622545 0.041 0.261
1 120628496 0.025 0.159
1 120693609 0.03 0.261
1 145330777 0.033 0.265
1 145667645 0.033 0.16
1 145667665 0.034 0.135
1 147012614 0.03 0.25
1 147072320 0.07 0.273
1 154890049 0.05 0.232
1 155789075 0.053 0.176
1 156846257 0.023 0.214
1 179994819 0.045 0.161
1 183182947 0.028 0.182
1 190375585 0.041 0.285
1 197088525 0.044 0.193
1 200474026 0.03 0.19
1 201148459 0.029 0.235
1 203231125 0.036 0.23
1 209157835 0.059 0.364
1 210525461 0.029 0.16
1 225660485 0.026 0.294
1 230694486 0.025 0.266
1 233851322 0.033 0.222
1 236624200 0.026 0.153
1 237712029 0.028 0.292
1 240343950 0.034 0.25
1 244789786 0.077 0.306
1 245716893 0.031 0.347
2 1896362 0.039 0.235
2 3037258 0.033 0.278
2 10365584 0.029 0.287
2 15130371 0.038 0.214
2 19353544 0.061 0.25
2 29471869 0.022 0.302
2 38489343 0.029 0.241
2 48041884 0.025 0.166
2 66603034 0.042 0.387
2 66804380 0.034 0.189
2 67661941 0.035 0.357
2 73291137 0.028 0.277
2 80461814 0.029 0.312
2 86619071 0.03 0.166
2 87461840 0.023 0.167
2 88837860 0.026 0.216
2 91975313 0.024 0.148
2 92079353 0.035 0.158
2 95911031 0.071 0.214
2 98709279 0.062 0.506
2 99092270 0.031 0.264
2 115590914 0.049 0.325
2 127831489 0.024 0.21
2 132605396 0.04 0.273
2 134360827 0.038 0.286
2 148300800 0.034 0.191
2 150184328 0.031 0.333
2 151929740 0.037 0.2
2 165440637 0.061 0.367
2 175448584 0.029 0.279
2 184651698 0.053 0.267
2 196083086 0.042 0.19
2 199987529 0.042 0.294
2 202518147 0.042 0.265
2 203349406 0.041 0.235
2 206511299 0.032 0.276
2 220697861 0.027 0.25
2 223924641 0.036 0.308
2 225984728 0.038 0.222
2 240433320 0.044 0.401
2 241319249 0.029 0.174
2 242142680 0.032 0.212
3 3799846 0.036 0.38
3 13538372 0.053 0.277
3 18170859 0.027 0.259
3 18486257 0.031 0.307
3 18507597 0.057 0.181
3 19356863 0.032 0.269
3 26334387 0.038 0.24
3 40156194 0.029 0.333
3 41561764 0.039 0.3
3 54886170 0.045 0.286
3 81329781 0.028 0.249
3 83967646 0.044 0.267
3 95097859 0.046 0.238
3 99790007 0.067 0.3
3 102201049 0.032 0.284
3 104163390 0.039 0.223
3 105788639 0.042 0.336
3 116229748 0.042 0.308
3 122771039 0.036 0.201
3 122856975 0.04 0.253
3 124401477 0.039 0.25
3 128879304 0.034 0.343
3 135652026 0.07 0.235
3 137179151 0.1 0.5
3 142429067 0.062 0.21
3 143732134 0.028 0.278
3 151605177 0.063 0.25
3 151605181 0.063 0.273
3 153653123 0.031 0.222
3 163265050 0.031 0.199
3 164008908 0.028 0.224
3 176115037 0.031 0.278
3 182347492 0.031 0.144
3 187696763 0.037 0.241
3 197132254 0.035 0.167
3 197739740 0.091 0.556
4 5439027 0.021 0.192
4 6474177 0.044 0.444
4 23961857 0.032 0.2
4 27769635 0.026 0.217
4 29798619 0.038 0.235
4 32647138 0.031 0.138
4 33657451 0.03 0.237
4 35377287 0.033 0.493
4 43298372 0.029 0.312
4 48130621 0.046 0.25
4 62937453 0.047 0.21
4 64860554 0.036 0.201
4 75642391 0.046 0.317
4 81416216 0.026 0.249
4 85359200 0.035 0.211
4 88558111 0.026 0.248
4 89709429 0.035 0.16
4 89979347 0.043 0.293
4 110715935 0.027 0.278
4 120438738 0.037 0.235
4 132239864 0.056 0.222
4 142685433 0.084 0.313
4 155125389 0.035 0.238
4 157621458 0.026 0.2
4 164862367 0.034 0.348
4 165313858 0.029 0.368
4 166041353 0.058 0.3
4 173371561 0.037 0.286
4 175130468 0.031 0.236
4 182994522 0.024 0.171
4 190871282 0.03 0.407
4 190976652 0.065 0.234
5 7514587 0.03 0.238
5 17003340 0.049 0.208
5 18272019 0.043 0.263
5 19391637 0.03 0.235
5 30230523 0.044 0.154
5 34154703 0.038 0.182
5 35771835 0.027 0.276
5 42144789 0.043 0.25
5 44688899 0.052 0.249
5 61505575 0.025 0.272
5 63876321 0.036 0.361
5 91490203 0.026 0.264
5 98958187 0.05 0.333
5 107139764 0.027 0.192
5 112734003 0.026 0.211
5 113816211 0.031 0.172
5 114095305 0.027 0.272
5 118025322 0.039 0.192
5 130897341 0.038 0.306
5 149370824 0.031 0.25
5 150540542 0.029 0.222
5 162244647 0.039 0.222
5 176250174 0.091 0.341
5 176548038 0.043 0.364
5 180093520 0.092 0.375
6 4492835 0.03 0.272
6 9344511 0.037 0.235
6 15247629 0.063 0.268
6 24297232 0.029 0.333
6 29705049 0.088 0.273
6 51498541 0.072 0.239
6 55369010 0.038 0.21
6 65025393 0.031 0.297
6 70781378 0.035 0.416
6 75413221 0.03 0.251
6 95144965 0.044 0.286
6 96396119 0.037 0.249
6 102326474 0.027 0.167
6 109441547 0.036 0.224
6 118751256 0.042 0.334
6 147853424 0.1 0.333
6 155356744 0.035 0.25
6 160986800 0.036 0.211
7 3842625 0.05 0.154
7 5186807 0.027 0.153
7 8220937 0.04 0.236
7 14550831 0.031 0.222
7 39962163 0.03 0.298
7 43320749 0.032 0.258
7 52979453 0.03 0.199
7 53330924 0.03 0.212
7 56398130 0.029 0.292
7 56715156 0.032 0.2
7 57935804 0.028 0.158
7 58038052 0.04 0.13
7 64574115 0.097 0.298
7 65056880 0.014 0.122
7 73236010 0.024 0.333
7 74020919 0.028 0.3
7 76649659 0.083 0.364
7 77228720 0.036 0.214
7 78612099 0.043 0.2
7 78808872 0.03 0.167
7 107385132 0.035 0.199
7 109328109 0.026 0.191
7 115700079 0.04 0.25
7 156595460 0.038 0.334
8 1660432 0.037 0.196
8 2341409 0.067 0.249
8 3012923 0.083 0.333
8 10484197 0.024 0.231
8 10708312 0.043 0.229
8 10726687 0.032 0.183
8 14873526 0.042 0.249
8 21391673 0.026 0.172
8 41627589 0.041 0.213
8 42121483 0.034 0.167
8 43030726 0.079 0.56
8 43417677 0.035 0.25
8 47338171 0.031 0.29
8 48550184 0.021 0.249
8 50920350 0.037 0.333
8 59693543 0.039 0.324
8 60677492 0.037 0.229
8 64166722 0.034 0.217
8 82831889 0.05 0.281
8 85724659 0.022 0.335
8 91616388 0.027 0.484
8 93019240 0.041 0.144
8 103498144 0.033 0.263
8 121230199 0.033 0.25
8 130426887 0.034 0.19
8 136822778 0.026 0.332
8 136830554 0.022 0.26
8 137703932 0.032 0.222
8 140619225 0.033 0.202
9 7191412 0.039 0.209
9 10271303 0.034 0.221
9 31496742 0.052 0.181
9 34154118 0.053 0.2
9 37352599 0.043 0.273
9 38374243 0.034 0.3
9 66585747 0.091 0.3
9 69007931 0.017 0.16
9 69466378 0.083 0.234
9 69611015 0.053 0.369
9 70701298 0.036 0.538
9 71191363 0.039 0.214
9 74053415 0.025 0.252
9 75185750 0.04 0.21
9 86840804 0.034 0.304
9 100684529 0.044 0.306
9 102822263 0.037 0.179
9 103684324 0.042 0.222
9 114004500 0.063 0.43
9 115208300 0.027 0.272
9 115366058 0.029 0.199
9 116787949 0.053 0.264
9 118817009 0.04 0.211
9 125082183 0.038 0.2
9 128590203 0.04 0.293
9 129871937 0.035 0.379
9 131920662 0.028 0.295
9 133000084 0.024 0.278
10 17670787 0.058 0.238
10 21026117 0.035 0.272
10 24492512 0.056 0.19
10 24641836 0.057 0.322
10 31395009 0.026 0.173
10 37642099 0.034 0.2
10 42656325 0.035 0.182
10 46026641 0.036 0.353
10 55531178 0.035 0.263
10 65401097 0.067 0.227
10 69394054 0.048 0.273
10 83114768 0.034 0.222
10 87135817 0.033 0.458
10 104184911 0.03 0.213
10 126946449 0.021 0.24
10 127128586 0.091 0.251
10 131560891 0.036 0.225
10 131737054 0.033 0.182
10 134013149 0.065 0.231
10 134847136 0.027 0.2
11 18154851 0.033 0.206
11 23960643 0.031 0.237
11 33761139 0.025 0.25
11 36514857 0.04 0.357
11 39648189 0.044 0.278
11 41250319 0.028 0.277
11 43090262 0.041 0.374
11 46125797 0.04 0.399
11 47289904 0.033 0.238
11 50760983 0.089 0.372
11 55540585 0.036 0.249
11 55590412 0.038 0.197
11 58976710 0.025 0.333
11 61440865 0.042 0.293
11 65552387 0.03 0.138
11 92447522 0.04 0.211
11 97242578 0.023 0.263
11 117199101 0.026 0.174
11 124553946 0.03 0.183
11 124908270 0.025 0.276
12 281408 0.04 0.286
12 791998 0.026 0.222
12 8705542 0.036 0.454
12 11214509 0.037 0.16
12 13524530 0.029 0.273
12 13963077 0.029 0.277
12 15665189 0.042 0.181
12 17837306 0.04 0.233
12 20323059 0.034 0.192
12 21515844 0.025 0.278
12 32854976 0.052 0.444
12 37924051 0.032 0.2
12 39227328 0.039 0.211
12 43647845 0.031 0.288
12 64868397 0.038 0.292
12 66617732 0.033 0.247
12 73442379 0.03 0.218
12 76929412 0.025 0.26
12 88603124 0.031 0.303
12 95425323 0.038 0.337
12 97215068 0.034 0.479
12 97398640 0.029 0.2
12 102115960 0.029 0.167
12 107622051 0.041 0.237
12 119703441 0.031 0.182
13 19330279 0.056 0.385
13 24683142 0.026 0.175
13 31412648 0.05 0.232
13 34806187 0.034 0.276
13 50990131 0.028 0.237
13 57232290 0.029 0.298
13 82594572 0.038 0.181
13 84450759 0.026 0.154
14 22119100 0.026 0.25
14 23136382 0.023 0.25
14 26247553 0.036 0.336
14 26763276 0.037 0.294
14 49178500 0.041 0.175
14 64706677 0.028 0.271
14 79839668 0.048 0.35
14 79978107 0.025 0.171
14 84228961 0.037 0.21
14 90377722 0.024 0.228
14 94890747 0.035 0.272
14 103567877 0.042 0.229
14 103880654 0.036 0.288
14 106165649 0.024 0.122
14 106312738 0.025 0.25
15 20106426 0.022 0.167
15 35619662 0.043 0.231
15 37666955 0.034 0.286
15 86284868 0.031 0.383
15 86458045 0.029 0.218
15 90661742 0.047 0.333
15 91961485 0.047 0.2
15 93164087 0.042 0.229
16 2590818 0.034 0.167
16 17189440 0.024 0.211
16 25165295 0.039 0.253
16 30194759 0.028 0.249
16 30537976 0.072 0.189
16 32346870 0.032 0.273
16 33039945 0.045 0.2
16 33583950 0.037 0.266
16 33980214 0.034 0.161
16 58645597 0.03 0.265
16 61495437 0.031 0.143
16 61581141 0.032 0.207
16 62333248 0.042 0.179
16 74448225 0.023 0.174
16 79367051 0.034 0.221
16 80295497 0.034 0.262
16 82472499 0.037 0.273
16 82985786 0.032 0.25
17 5003832 0.026 0.214
17 7079742 0.048 0.3
17 9490963 0.043 0.312
17 11110742 0.022 0.189
17 11778071 0.029 0.221
17 39792512 0.027 0.41
17 42148583 0.029 0.316
17 42658266 0.033 0.235
17 43075188 0.047 0.16
17 47665759 0.022 0.263
17 51850920 0.035 0.25
17 53331703 0.056 0.298
17 72032343 0.075 0.357
18 1818257 0.054 0.479
18 8333689 0.034 0.231
18 18791491 0.041 0.172
18 20907785 0.02 0.332
18 64527576 0.025 0.267
18 71021854 0.028 0.399
18 74877463 0.027 0.217
19 311184 0.028 0.19
19 3706057 0.045 0.174
19 3909080 0.056 0.3
19 6774247 0.042 0.179
19 7181634 0.035 0.273
19 7895839 0.052 0.231
19 8788036 0.062 0.458
19 8890788 0.027 0.172
19 10049705 0.032 0.213
19 10769775 0.059 0.3
19 11457697 0.022 0.353
19 12836515 0.045 0.191
19 13092022 0.026 0.248
19 17994291 0.036 0.208
19 18705439 0.034 0.246
19 21425606 0.034 0.176
19 22988007 0.043 0.239
19 32275432 0.021 0.16
19 34733495 0.048 0.3
19 36804833 0.063 0.259
19 39817982 0.037 0.157
19 53509974 0.03 0.226
19 55143294 0.025 0.221
19 56725494 0.024 0.182
20 9496443 0.017 0.2
20 22575599 0.042 0.222
20 22686185 0.045 0.158
20 25093194 0.042 0.231
20 25933416 0.019 0.119
20 26108111 0.033 0.167
20 29841488 0.026 0.159
20 31225347 0.028 0.175
20 35536707 0.028 0.315
20 36633516 0.03 0.21
20 48174556 0.036 0.3
20 49205934 0.033 0.182
20 51500426 0.031 0.332
20 53364289 0.029 0.239
21 14724079 0.026 0.25
21 17601311 0.029 0.155
21 24989309 0.027 0.228
21 44398614 0.038 0.289
22 16865559 0.043 0.203
22 18117041 0.037 0.214
22 18977157 0.043 0.193
22 22530849 0.036 0.213
22 48941034 0.026 0.333
22 49355812 0.077 0.298
X 6078458 0.033 0.207
X 13702142 0.038 0.235
X 17053788 0.023 0.238
X 26657397 0.03 0.261
X 27733246 0.038 0.356
X 30467639 0.029 0.174
X 34592516 0.048 0.333
X 37451902 0.033 0.23
X 39264824 0.029 0.233
X 39814595 0.03 0.168
X 42534677 0.038 0.265
X 46891572 0.022 0.267
X 49022671 0.036 0.199
X 49121334 0.048 0.231
X 51027253 0.024 0.36
X 68150750 0.03 0.181
X 85837048 0.048 0.263
X 89397900 0.047 0.269
X 92265936 0.026 0.237
X 94288904 0.03 0.173
X 109001831 0.05 0.231
X 117614695 0.038 0.268
X 121438956 0.044 0.201
X 121557085 0.041 0.332
X 139481662 0.042 0.185
X 139771828 0.034 0.191
X 139807294 0.043 0.31
X 142771142 0.03 0.21
X 143636688 0.029 0.248
X 145241156 0.047 0.214
X 147965241 0.04 0.221
X 148686882 0.023 0.172
X 148732501 0.038 0.233
X 152356344 0.033 0.266
X 153747431 0.033 0.213
Y 9931892 0.1 0.429
Y 10013431 0.1 0.6
Y 13275576 0.1 0.571
Y 13410709 0.054 0.25
Y 13441116 0.067 0.273
Y 59017800 0.022 0.164
GL000229.1 1671 0.048 0.286
GL000235.1 14970 0.021 0.129
GL000235.1 14982 0.022 0.114
GL000247.1 4176 0.077 0.429
GL000240.1 30606 0.056 0.167
GL000236.1 1238 0.056 0.364
GL000243.1 26006 0.031 0.279
GL000243.1 26070 0.033 0.222
GL000243.1 43172 0.044 0.2
GL000237.1 1772 0.036 0.269
GL000208.1 62296 0.026 0.174
GL000208.1 82630 0.029 0.181
GL000191.1 12875 0.092 0.454
GL000191.1 94955 0.056 0.333
GL000227.1 101433 0.091 0.231
GL000228.1 19827 0.048 0.199
GL000221.1 1348 0.101 0.19
GL000221.1 4940 0.059 0.119
GL000221.1 19901 0.063 0.317
GL000221.1 20446 0.016 0.169
GL000221.1 20478 0.013 0.167
GL000221.1 26476 0.025 0.23
GL000221.1 39618 0.1 0.455
GL000221.1 49111 0.058 0.236
GL000221.1 50864 0.071 0.32
GL000221.1 53333 0.075 0.237
GL000221.1 53490 0.075 0.235
GL000221.1 84825 0.053 0.185
GL000218.1 92172 0.046 0.248
GL000218.1 120048 0.019 0.185
GL000211.1 60127 0.023 0.132
GL000211.1 67753 0.037 0.21
GL000211.1 72718 0.048 0.15
GL000211.1 118857 0.038 0.2
GL000211.1 122209 0.04 0.234
GL000211.1 147802 0.042 0.229
GL000199.1 74743 0.048 0.12
GL000199.1 161279 0.063 0.238
GL000199.1 163764 0.083 0.173
GL000199.1 166045 0.016 0.153
GL000199.1 169751 0.067 0.12
GL000217.1 11694 0.063 0.222
GL000217.1 11930 0.1 0.231
GL000217.1 24584 0.083 0.608
GL000216.1 23897 0.091 0.251
GL000216.1 115781 0.04 0.148
GL000216.1 137921 0.067 0.269
GL000216.1 141370 0.067 0.236
GL000216.1 141927 0.057 0.235
GL000216.1 142302 0.067 0.312
GL000216.1 164011 0.013 0.1
GL000216.1 165706 0.024 0.211
GL000205.1 58922 0.091 0.304
GL000195.1 105352 0.014 0.209
GL000222.1 34408 0.091 0.272
GL000222.1 55530 0.07 0.4
GL000222.1 59766 0.056 0.273
GL000222.1 63742 0.033 0.177
GL000222.1 64769 0.056 0.273
GL000222.1 64781 0.053 0.273
GL000193.1 110228 0.062 0.158
GL000225.1 174880 0.02 0.142
