#CHROM POS IID_H133128_N01_02_WG01 IID_H133128_T02_02_WG01
1 3498500 0.075 0.263
1 5315085 0.033 0.204
1 9020224 0.037 0.526
1 9458509 0.068 0.473
1 12422489 0.062 0.526
1 16413696 0.039 0.19
1 20685063 0.045 0.167
1 24394558 0.067 0.284
1 24541513 0.07 0.438
1 25716578 0.051 0.216
1 28727956 0.05 0.636
1 42383722 0.033 0.464
1 74440397 0.043 0.536
1 76705630 0.069 0.61
1 87532415 0.043 0.138
1 94411508 0.069 0.494
1 97338659 0.036 0.388
1 99505346 0.037 0.525
1 100445327 0.101 0.429
1 104157686 0.035 0.22
1 105974930 0.036 0.359
1 105998758 0.036 0.5
1 106248064 0.037 0.381
1 106946998 0.042 0.458
1 109586027 0.042 0.192
1 111788797 0.04 0.409
1 113682465 0.03 0.176
1 114665612 0.042 0.273
1 116348158 0.034 0.231
1 117438199 0.03 0.792
1 117791120 0.028 0.15
1 119926283 0.046 0.21
1 142562752 0.015 0.109
1 142661602 0.015 0.127
1 142661682 0.027 0.152
1 143469846 0.018 0.356
1 144697292 0.026 0.153
1 145614236 0.088 0.268
1 146474203 0.023 0.147
1 146500487 0.042 0.452
1 146852632 0.046 0.235
1 147801412 0.031 0.522
1 148180753 0.061 0.272
1 148877331 0.03 0.206
1 150968779 0.04 0.142
1 151876971 0.038 0.373
1 153570820 0.034 0.157
1 160871957 0.09 0.211
1 160943854 0.03 0.5
1 162850595 0.074 0.444
1 163748617 0.032 0.311
1 172684428 0.038 0.433
1 176867553 0.032 0.471
1 177042817 0.031 0.64
1 177360448 0.043 0.19
1 182471085 0.053 0.536
1 185307201 0.036 0.529
1 186237509 0.033 0.648
1 190358682 0.037 0.254
1 194626944 0.063 0.375
1 194850660 0.056 0.55
1 195425366 0.034 0.374
1 198480201 0.036 0.588
1 200658503 0.042 0.445
1 201701420 0.035 0.47
1 203141014 0.051 0.5
1 203366283 0.07 0.5
1 210115082 0.074 0.571
1 211971830 0.039 0.524
1 235126775 0.067 0.584
1 237137489 0.044 0.188
1 239679658 0.05 0.428
1 240138395 0.1 0.332
1 240744522 0.059 0.667
1 242861446 0.056 0.551
1 248118424 0.057 0.276
2 866680 0.027 0.182
2 2429932 0.043 0.538
2 3244447 0.1 0.429
2 6820358 0.026 0.348
2 7652268 0.026 0.44
2 11546301 0.043 0.429
2 21773128 0.039 0.333
2 37353681 0.061 0.248
2 40344586 0.091 0.286
2 56766299 0.036 0.706
2 62353410 0.032 0.211
2 71970453 0.048 0.54
2 77832758 0.042 0.476
2 81698203 0.035 0.594
2 84468793 0.03 0.55
2 88124621 0.05 0.159
2 90442669 0.072 0.307
2 90461712 0.056 0.247
2 91981091 0.047 0.136
2 92042597 0.042 0.111
2 92124545 0.045 0.189
2 92174829 0.025 0.171
2 92264643 0.025 0.12
2 95525800 0.045 0.214
2 95836229 0.028 0.174
2 96323363 0.033 0.158
2 97799770 0.037 0.266
2 98308891 0.065 0.231
2 101493935 0.055 0.229
2 106507848 0.032 0.56
2 107103211 0.032 0.154
2 110386418 0.054 0.524
2 114869292 0.038 0.594
2 117077030 0.028 0.179
2 121586469 0.048 0.176
2 122947706 0.035 0.595
2 126081191 0.044 0.539
2 127063319 0.043 0.2
2 127673723 0.03 0.468
2 128651049 0.032 0.183
2 132553910 0.081 0.267
2 132704878 0.033 0.5
2 133351880 0.045 0.59
2 134849530 0.033 0.186
2 139936526 0.05 0.409
2 176102923 0.076 0.478
2 176133078 0.054 0.495
2 179949074 0.031 0.5
2 184726721 0.035 0.39
2 185355646 0.046 0.547
2 185430051 0.028 0.666
2 189264455 0.059 0.21
2 199163694 0.04 0.5
2 201482231 0.053 0.571
2 211363785 0.033 0.371
2 212427670 0.039 0.333
2 218292041 0.074 0.522
2 224950875 0.072 0.5
2 226815127 0.033 0.5
2 227266765 0.043 0.209
2 232908538 0.08 0.533
2 238042800 0.027 0.601
2 240484101 0.044 0.175
3 1080880 0.038 0.625
3 7148093 0.036 0.631
3 13269854 0.031 0.524
3 15338960 0.04 0.5
3 26754715 0.03 0.599
3 28016443 0.079 0.591
3 29906078 0.037 0.5
3 34545435 0.026 0.403
3 48137239 0.06 0.5
3 55281002 0.032 0.548
3 55973288 0.038 0.176
3 63694505 0.062 0.5
3 65525727 0.029 0.444
3 68266988 0.072 0.531
3 69933257 0.042 0.428
3 70030523 0.029 0.44
3 71712589 0.048 0.357
3 74942038 0.026 0.394
3 75115893 0.04 0.469
3 76039393 0.084 0.519
3 76741108 0.03 0.524
3 78317306 0.037 0.524
3 82524669 0.04 0.52
3 85976815 0.077 0.508
3 86414850 0.031 0.63
3 86971076 0.055 0.58
3 90463443 0.027 0.133
3 102966086 0.046 0.556
3 115293740 0.04 0.715
3 116934081 0.036 0.579
3 118777520 0.033 0.312
3 121813631 0.045 0.577
3 125219753 0.038 0.283
3 127705285 0.029 0.234
3 135500707 0.036 0.428
3 137662875 0.042 0.476
3 138725492 0.077 0.306
3 139204995 0.063 0.235
3 142025771 0.04 0.188
3 143561835 0.041 0.553
3 161645758 0.063 0.457
3 178726041 0.052 0.372
3 180351740 0.034 0.558
3 185017996 0.062 0.293
3 194552929 0.053 0.165
3 195667431 0.034 0.143
3 196005884 0.067 0.3
3 196469043 0.038 0.157
3 197812287 0.043 0.612
4 576643 0.057 0.383
4 1554791 0.032 0.259
4 5178254 0.056 0.197
4 7284855 0.031 0.41
4 12657992 0.031 0.556
4 16395107 0.069 0.725
4 19680688 0.062 0.496
4 19817272 0.03 0.166
4 28832037 0.038 0.536
4 29959363 0.055 0.5
4 31902006 0.038 0.381
4 32319189 0.04 0.474
4 33180712 0.045 0.589
4 33276146 0.042 0.36
4 33846643 0.05 0.214
4 34129590 0.038 0.611
4 38992959 0.031 0.187
4 40984211 0.09 0.594
4 45937998 0.063 0.233
4 46232517 0.033 0.394
4 47867506 0.039 0.269
4 49118923 0.047 0.242
4 49630448 0.053 0.209
4 61035702 0.083 0.627
4 67855437 0.031 0.335
4 72938517 0.066 0.454
4 76329690 0.075 0.249
4 77970832 0.075 0.177
4 85043349 0.069 0.333
4 85364847 0.039 0.5
4 87279154 0.064 0.571
4 87327099 0.062 0.448
4 91045511 0.044 0.374
4 111973450 0.066 0.5
4 112902552 0.064 0.647
4 116854365 0.034 0.191
4 117755773 0.045 0.474
4 119424584 0.036 0.476
4 120857372 0.068 0.478
4 127189789 0.04 0.5
4 127711409 0.033 0.667
4 136989219 0.032 0.478
4 146726290 0.032 0.437
4 148043018 0.025 0.6
4 154121988 0.063 0.235
4 159535196 0.033 0.429
4 163571190 0.06 0.591
4 167341904 0.071 0.504
4 171568169 0.05 0.5
4 173543910 0.077 0.474
4 176996017 0.063 0.333
4 180783424 0.038 0.69
4 187537548 0.051 0.555
4 189329125 0.031 0.52
4 189552480 0.075 0.248
5 3873888 0.063 0.377
5 4036874 0.069 0.409
5 4527432 0.047 0.428
5 5119135 0.041 0.479
5 5582376 0.034 0.552
5 7177672 0.04 0.5
5 11745489 0.051 0.389
5 11939670 0.037 0.481
5 16821782 0.08 0.589
5 18974467 0.026 0.597
5 21908788 0.083 0.619
5 23069885 0.039 0.374
5 26177818 0.057 0.429
5 27694698 0.039 0.235
5 28349531 0.045 0.428
5 32078060 0.055 0.266
5 34633784 0.063 0.421
5 40907589 0.04 0.19
5 46235307 0.034 0.556
5 51821583 0.045 0.35
5 63724756 0.071 0.445
5 84601424 0.076 0.611
5 91521202 0.068 0.417
5 95897276 0.065 0.353
5 101122193 0.05 0.417
5 105385006 0.042 0.403
5 108022845 0.043 0.397
5 117462865 0.043 0.166
5 120313380 0.07 0.444
5 123605298 0.065 0.529
5 129514884 0.068 0.667
5 135282523 0.069 0.402
5 139473016 0.08 0.589
5 140621194 0.072 0.529
5 153108329 0.07 0.373
5 153529141 0.084 0.353
5 163203809 0.049 0.188
5 164183898 0.045 0.402
5 170261094 0.045 0.384
5 172199112 0.045 0.44
5 173496989 0.053 0.285
5 173779242 0.052 0.297
5 176788364 0.068 0.501
5 177462752 0.028 0.202
5 178641161 0.091 0.239
5 178686575 0.071 0.599
5 179120132 0.058 0.25
5 180452471 0.04 0.528
6 2658700 0.033 0.422
6 3619620 0.067 0.235
6 10020008 0.05 0.538
6 10841042 0.034 0.461
6 20276600 0.024 0.65
6 24671702 0.063 0.182
6 25788380 0.044 0.6
6 26549052 0.075 0.214
6 28323122 0.033 0.668
6 29618795 0.034 0.273
6 32021693 0.058 0.216
6 32368009 0.04 0.381
6 32540568 0.079 0.231
6 33064963 0.05 0.269
6 33414287 0.044 0.253
6 36903738 0.036 0.538
6 37617137 0.028 0.421
6 41900752 0.03 0.53
6 44209224 0.053 0.194
6 45821068 0.029 0.476
6 47066107 0.064 0.571
6 47297639 0.033 0.229
6 55237680 0.037 0.381
6 57651055 0.037 0.444
6 61911649 0.036 0.148
6 63671200 0.067 0.443
6 75798220 0.045 0.311
6 77491632 0.037 0.568
6 86943014 0.043 0.142
6 88429003 0.034 0.186
6 89287923 0.033 0.551
6 89448593 0.042 0.185
6 92290536 0.033 0.643
6 93690490 0.048 0.4
6 94402209 0.039 0.198
6 95221533 0.043 0.184
6 96295921 0.031 0.5
6 97761620 0.05 0.188
6 98869479 0.067 0.429
6 99960537 0.032 0.765
6 102238759 0.05 0.211
6 102706328 0.056 0.402
6 104288782 0.057 0.487
6 105525915 0.055 0.248
6 105607747 0.05 0.333
6 106282472 0.029 0.562
6 107051808 0.067 0.479
6 145312476 0.056 0.563
6 146640555 0.031 0.538
6 148014110 0.067 0.443
6 150413298 0.05 0.667
6 160065362 0.072 0.542
6 165786464 0.058 0.368
6 169733727 0.039 0.218
7 5937293 0.1 0.429
7 15022401 0.025 0.421
7 16804935 0.028 0.476
7 18223322 0.053 0.435
7 24141634 0.054 0.352
7 25181236 0.091 0.279
7 28737994 0.049 0.285
7 38141171 0.031 0.518
7 46903568 0.036 0.417
7 50024897 0.037 0.445
7 50604788 0.045 0.166
7 50781161 0.037 0.111
7 51497597 0.037 0.125
7 52682937 0.035 0.529
7 53315427 0.044 0.249
7 55286489 0.038 0.167
7 55449839 0.04 0.209
7 56806819 0.065 0.167
7 57020489 0.027 0.124
7 57364814 0.067 0.25
7 57801511 0.042 0.286
7 58011747 0.032 0.368
7 61060802 0.04 0.136
7 61065867 0.056 0.12
7 63289320 0.063 0.176
7 64740153 0.041 0.166
7 65037731 0.032 0.167
7 65112668 0.1 0.375
7 71185068 0.048 0.422
7 71676507 0.071 0.237
7 72340278 0.038 0.273
7 72460133 0.091 0.314
7 80587522 0.031 0.524
7 87186195 0.045 0.19
7 109095090 0.068 0.52
7 109220432 0.031 0.428
7 110655973 0.027 0.624
7 111896771 0.046 0.375
7 117230971 0.045 0.53
7 119621419 0.033 0.46
7 120293330 0.033 0.399
7 133807188 0.073 0.611
7 140207684 0.059 0.267
7 140653061 0.063 0.5
7 148893724 0.039 0.289
7 157859513 0.045 0.41
8 1373392 0.037 0.45
8 2209713 0.016 0.368
8 2215101 0.019 0.387
8 4311621 0.041 0.235
8 10032972 0.037 0.545
8 15143882 0.083 0.76
8 25985828 0.071 0.5
8 27596668 0.05 0.504
8 31375393 0.05 0.619
8 32246977 0.036 0.412
8 33671395 0.074 0.625
8 37158958 0.071 0.484
8 39884098 0.054 0.2
8 49466714 0.037 0.458
8 51401922 0.03 0.384
8 54429825 0.036 0.434
8 55499552 0.032 0.473
8 60963083 0.065 0.524
8 64353249 0.06 0.529
8 65327882 0.048 0.4
8 69684620 0.03 0.572
8 78653420 0.077 0.556
8 87338656 0.071 0.546
8 87422054 0.037 0.333
8 88276374 0.042 0.213
8 94290365 0.08 0.5
8 97657513 0.024 0.362
8 99019526 0.029 0.35
8 101013430 0.045 0.336
8 113350412 0.069 0.597
8 119686338 0.03 0.616
8 123782410 0.036 0.249
8 125084430 0.037 0.35
8 132216658 0.044 0.415
8 135877397 0.031 0.696
8 137092270 0.046 0.374
8 137215872 0.026 0.605
8 140089065 0.031 0.45
8 143304128 0.046 0.19
9 4754843 0.048 0.236
9 6656154 0.053 0.563
9 9480771 0.043 0.429
9 11473901 0.037 0.467
9 20777507 0.044 0.5
9 22013265 0.049 0.5
9 24515085 0.035 0.468
9 25863621 0.037 0.341
9 27343747 0.056 0.467
9 28744051 0.068 0.579
9 29176742 0.037 0.476
9 32609291 0.061 0.27
9 32871828 0.059 0.191
9 36167126 0.072 0.5
9 36289208 0.05 0.275
9 38817847 0.034 0.546
9 43407565 0.053 0.215
9 67335967 0.015 0.236
9 68463173 0.022 0.137
9 68482783 0.007875 0.158
9 70957982 0.081 0.238
9 70958103 0.056 0.13
9 71162894 0.042 0.214
9 73301825 0.039 0.301
9 73451290 0.082 0.546
9 76156033 0.036 0.609
9 78842374 0.044 0.199
9 85710550 0.046 0.522
9 86240463 0.068 0.635
9 86420150 0.059 0.5
9 104944231 0.071 0.591
9 106255306 0.036 0.625
9 106397854 0.032 0.611
9 109460503 0.045 0.643
9 112445413 0.031 0.391
9 121093290 0.053 0.714
9 121731370 0.044 0.349
9 122985475 0.04 0.4
9 127126921 0.043 0.425
9 135313964 0.042 0.339
9 135873843 0.043 0.428
9 137990627 0.071 0.539
10 18999516 0.026 0.453
10 22609743 0.053 0.252
10 29061067 0.08 0.538
10 33671348 0.029 0.429
10 42369531 0.051 0.271
10 42704270 0.016 0.303
10 43420862 0.035 0.384
10 43436253 0.046 0.199
10 44759236 0.062 0.474
10 45620999 0.038 0.15
10 48981117 0.092 0.454
10 49057849 0.067 0.501
10 51529336 0.1 0.333
10 58586410 0.039 0.42
10 58610053 0.048 0.466
10 58690690 0.04 0.546
10 58816888 0.079 0.5
10 62160538 0.026 0.462
10 69384136 0.045 0.384
10 77430357 0.066 0.441
10 81877838 0.032 0.715
10 82146989 0.04 0.559
10 84799155 0.075 0.572
10 88614770 0.056 0.239
10 91507492 0.056 0.297
10 94017978 0.048 0.412
10 94160019 0.083 0.25
10 103969653 0.06 0.53
10 106120213 0.053 0.347
10 108638378 0.078 0.371
10 120385360 0.032 0.706
10 121991465 0.058 0.593
10 131839752 0.038 0.556
11 919670 0.054 0.271
11 8090969 0.077 0.305
11 9780265 0.029 0.478
11 10208799 0.042 0.265
11 10607964 0.046 0.173
11 16826411 0.051 0.157
11 24922349 0.034 0.429
11 27876369 0.053 0.174
11 31440503 0.038 0.521
11 36229892 0.033 0.32
11 43418068 0.051 0.625
11 45058322 0.029 0.588
11 49814746 0.041 0.239
11 51329508 0.088 0.273
11 58628250 0.038 0.251
11 60873832 0.027 0.275
11 63699401 0.037 0.524
11 65689478 0.04 0.571
11 67151464 0.044 0.268
11 67605108 0.077 0.333
11 70565924 0.043 0.628
11 70583018 0.038 0.626
11 70675272 0.04 0.426
11 83662724 0.038 0.252
11 85399368 0.038 0.25
11 90222661 0.029 0.48
11 101173142 0.025 0.287
11 101413675 0.048 0.414
11 103152584 0.037 0.304
11 103692618 0.051 0.572
11 116042278 0.048 0.2
11 116452758 0.046 0.454
11 134758051 0.067 0.654
12 1028933 0.071 0.273
12 2197533 0.063 0.477
12 6646096 0.057 0.289
12 7716099 0.034 0.363
12 8379426 0.067 0.187
12 8607329 0.053 0.562
12 8966487 0.042 0.314
12 9780113 0.059 0.284
12 11227496 0.036 0.18
12 14162546 0.032 0.399
12 14251271 0.031 0.529
12 14647752 0.039 0.286
12 16310082 0.042 0.229
12 17020365 0.056 0.394
12 19549549 0.032 0.221
12 19637144 0.045 0.284
12 19867287 0.052 0.401
12 21644453 0.048 0.183
12 24299184 0.06 0.5
12 40749862 0.053 0.518
12 49502379 0.071 0.25
12 50139949 0.037 0.224
12 52558339 0.036 0.253
12 54596567 0.063 0.333
12 55244278 0.071 0.377
12 56696582 0.053 0.167
12 56969538 0.037 0.6
12 62531439 0.059 0.21
12 72994118 0.074 0.47
12 78416157 0.03 0.375
12 79298279 0.037 0.321
12 81684525 0.038 0.434
12 86744691 0.04 0.394
12 89762155 0.033 0.556
12 102622521 0.067 0.6
12 116015273 0.031 0.334
12 118694831 0.039 0.533
12 127083348 0.037 0.542
12 128005776 0.041 0.556
12 128465162 0.044 0.45
12 129286667 0.036 0.494
12 132885491 0.052 0.364
13 19065091 0.059 0.157
13 24603926 0.035 0.265
13 24609333 0.044 0.286
13 26403877 0.1 0.334
13 28627029 0.029 0.253
13 31307340 0.07 0.6
13 34107676 0.071 0.411
13 34842655 0.051 0.19
13 35481919 0.045 0.556
13 37891527 0.045 0.217
13 38072908 0.058 0.572
13 47536262 0.083 0.362
13 47618996 0.084 0.579
13 53374959 0.071 0.525
13 55355268 0.045 0.519
13 59346905 0.084 0.238
13 69296514 0.08 0.557
13 76283110 0.048 0.215
13 87429872 0.036 0.4
13 92821677 0.039 0.45
13 93410347 0.059 0.5
13 94279423 0.041 0.312
13 97454445 0.03 0.498
13 98862117 0.083 0.3
13 105431916 0.039 0.401
13 108291334 0.033 0.459
13 113606777 0.043 0.553
14 19052626 0.02 0.138
14 19818689 0.041 0.349
14 20596192 0.079 0.191
14 27375278 0.074 0.585
14 36497959 0.067 0.38
14 36734443 0.032 0.478
14 39363421 0.029 0.456
14 42284647 0.035 0.386
14 43789086 0.056 0.606
14 48364191 0.029 0.193
14 59335119 0.059 0.308
14 63280204 0.037 0.506
14 63746627 0.058 0.375
14 64277828 0.038 0.356
14 65807755 0.026 0.647
14 66114927 0.029 0.4
14 70203737 0.07 0.4
14 72714443 0.031 0.641
14 75138002 0.097 0.444
14 82504279 0.083 0.591
14 82604310 0.049 0.616
14 84905422 0.1 0.502
14 86523702 0.071 0.561
14 87533125 0.035 0.737
14 92071716 0.05 0.545
14 101090487 0.048 0.375
14 102975868 0.059 0.581
14 105548957 0.048 0.158
14 106094677 0.092 0.5
14 106210851 0.035 0.198
14 107096668 0.027 0.333
14 107259739 0.043 0.211
15 20023439 0.041 0.208
15 23048701 0.039 0.524
15 23923259 0.071 0.428
15 25771323 0.034 0.231
15 30771612 0.047 0.475
15 37339473 0.04 0.4
15 46742571 0.037 0.632
15 51319714 0.038 0.167
15 56323662 0.045 0.438
15 67250231 0.042 0.235
15 68543928 0.041 0.464
15 75291836 0.049 0.286
15 97802145 0.08 0.5
15 98654700 0.084 0.307
15 99723768 0.045 0.187
15 100512792 0.043 0.214
15 101902202 0.063 0.187
16 600745 0.071 0.429
16 7118728 0.029 0.397
16 7591102 0.048 0.474
16 9600720 0.043 0.631
16 19095834 0.068 0.391
16 23834828 0.046 0.25
16 25549505 0.036 0.472
16 29845544 0.034 0.138
16 32107412 0.077 0.268
16 32573525 0.028 0.125
16 34192507 0.014 0.109
16 35275858 0.041 0.136
16 47045119 0.092 0.339
16 48985571 0.041 0.15
16 53463976 0.048 0.201
16 55079744 0.032 0.175
16 56736093 0.028 0.473
16 58889380 0.083 0.495
16 60562177 0.071 0.333
16 65992658 0.036 0.608
16 66401175 0.053 0.447
16 71116836 0.064 0.685
16 77723038 0.045 0.506
16 78836812 0.087 0.6
17 549096 0.1 0.3
17 1974302 0.053 0.235
17 6457709 0.047 0.143
17 7908834 0.027 0.294
17 11852738 0.032 0.231
17 16766017 0.067 0.331
17 19919480 0.067 0.21
17 26219609 0.04 0.166
17 28490783 0.031 0.158
17 35324434 0.08 0.555
17 36296606 0.1 0.357
17 47974384 0.04 0.332
17 49980051 0.069 0.443
17 53564562 0.056 0.367
17 57503369 0.032 0.471
17 57945505 0.083 0.311
17 65392203 0.059 0.556
17 72596385 0.054 0.237
17 73056366 0.039 0.677
17 73853763 0.049 0.52
17 75757085 0.037 0.571
18 3020905 0.042 0.2
18 5295614 0.075 0.307
18 5589327 0.054 0.2
18 6561440 0.038 0.156
18 13625870 0.081 0.3
18 14556224 0.057 0.213
18 15386262 0.034 0.161
18 31094667 0.031 0.623
18 32757237 0.037 0.435
18 37029204 0.069 0.389
18 43276328 0.09 0.591
18 45245972 0.03 0.412
18 49598367 0.037 0.4
18 53876739 0.05 0.435
18 73436365 0.054 0.252
18 76595643 0.041 0.407
19 3553161 0.035 0.346
19 5556035 0.044 0.226
19 6951067 0.056 0.276
19 7508605 0.04 0.479
19 10348841 0.033 0.222
19 12971348 0.05 0.19
19 13198651 0.052 0.333
19 13262177 0.046 0.22
19 20323803 0.03 0.484
19 23163248 0.039 0.412
19 30017808 0.052 0.25
19 30336214 0.031 0.397
19 32005864 0.051 0.388
19 38594540 0.059 0.247
19 40298541 0.055 0.228
19 41050319 0.075 0.333
19 41302587 0.025 0.4
19 41496261 0.053 0.214
19 43526458 0.027 0.565
19 43686349 0.033 0.6
19 44119436 0.037 0.158
19 47279547 0.07 0.292
19 49061973 0.037 0.187
19 51513775 0.067 0.2
19 53481659 0.032 0.579
19 58995664 0.071 0.273
19 59014982 0.032 0.286
20 12511700 0.079 0.461
20 18384463 0.077 0.308
20 20266699 0.036 0.19
20 20521451 0.04 0.58
20 25383616 0.043 0.235
20 25598827 0.056 0.34
20 25735217 0.024 0.122
20 25756709 0.038 0.473
20 25870021 0.046 0.154
20 26108111 0.036 0.167
20 29443340 0.037 0.154
20 31703617 0.056 0.332
20 36498350 0.049 0.25
20 39959437 0.055 0.265
20 44158220 0.04 0.231
20 44740241 0.053 0.205
20 47089365 0.041 0.231
20 47140361 0.045 0.333
20 51284329 0.031 0.176
20 61484005 0.033 0.471
21 9876152 0.032 0.221
21 9949433 0.083 0.429
21 11167912 0.019 0.138
21 14390342 0.043 0.26
21 19077218 0.042 0.524
21 22911931 0.065 0.579
21 32956832 0.043 0.526
21 36263318 0.028 0.444
21 39484441 0.04 0.538
21 42914995 0.067 0.274
22 16901007 0.029 0.167
22 16958637 0.066 0.619
22 17033750 0.048 0.197
22 17046026 0.082 0.434
22 19737187 0.043 0.175
22 23954688 0.077 0.285
22 29263369 0.047 0.332
22 33199317 0.033 0.174
22 33749234 0.055 0.648
22 35224685 0.036 0.2
22 37670085 0.051 0.333
22 41616687 0.037 0.201
22 42310349 0.054 0.177
22 42315618 0.031 0.21
22 42975197 0.097 0.229
22 44488307 0.066 0.526
22 44540638 0.036 0.62
22 44727789 0.058 0.231
X 30411742 0.061 0.912
X 38628872 0.063 0.9
X 46682213 0.067 0.331
X 49094122 0.102 0.274
X 50358770 0.042 0.273
X 51032895 0.071 0.455
X 53399330 0.077 0.3
X 57211705 0.084 0.208
X 57699326 0.048 0.25
X 58557214 0.071 0.3
X 62797464 0.059 0.304
X 70597031 0.077 0.8
X 87287254 0.061 0.857
X 95908169 0.089 0.912
X 107761537 0.071 0.929
X 115000178 0.024 0.125
X 115376513 0.059 0.286
X 116253021 0.088 0.909
X 137726469 0.059 0.9
X 138688967 0.061 0.889
X 142307948 0.083 0.884
X 143035767 0.077 0.235
X 144538490 0.058 0.845
X 151976236 0.063 0.933
Y 5882956 0.059 0.929
Y 6129764 0.088 0.249
Y 8761682 0.067 0.273
Y 9957975 0.091 0.15
Y 13272818 0.013 0.201
Y 13489281 0.027 0.25
Y 13713956 0.039 0.181
Y 13838804 0.025 0.129
Y 14341834 0.062 0.383
Y 15625681 0.059 0.273
Y 16928282 0.042 0.889
Y 22517753 0.067 0.833
MT 5636 0.018 0.782
MT 11355 0.003634 0.694
MT 15613 0.005 0.703
GL000229.1 10594 0.042 0.271
GL000229.1 18777 0.016 0.114
GL000235.1 14738 0.042 0.119
GL000245.1 32239 0.079 0.129
GL000232.1 39014 0.092 0.417
GL000232.1 39121 0.091 0.375
GL000243.1 14814 0.077 0.571
GL000237.1 14448 0.034 0.108
GL000233.1 15490 0.052 0.12
GL000198.1 86726 0.037 0.128
GL000208.1 34529 0.05 0.234
GL000208.1 69812 0.051 0.147
GL000208.1 82037 0.065 0.318
GL000227.1 2432 0.091 0.249
GL000227.1 114481 0.068 0.215
GL000228.1 58799 0.043 0.266
GL000221.1 53502 0.034 0.667
GL000221.1 75217 0.083 0.8
GL000218.1 105446 0.046 0.332
GL000218.1 121892 0.049 0.128
GL000218.1 131932 0.037 0.3
GL000218.1 134992 0.037 0.199
GL000218.1 158565 0.03 0.124
GL000213.1 31370 0.055 0.546
GL000213.1 85889 0.083 0.875
GL000213.1 112264 0.038 0.196
GL000211.1 109997 0.031 0.131
GL000211.1 114777 0.034 0.125
GL000211.1 120283 0.043 0.174
GL000211.1 120342 0.044 0.193
GL000211.1 125107 0.035 0.137
GL000211.1 164094 0.045 0.154
GL000211.1 165978 0.035 0.116
GL000199.1 47284 0.037 0.172
GL000199.1 50036 0.066 0.774
GL000199.1 55804 0.049 0.5
GL000199.1 72311 0.021 0.642
GL000199.1 159575 0.083 0.277
GL000199.1 159997 0.049 0.204
GL000199.1 169679 0.027 0.118
GL000217.1 2558 0.077 0.143
GL000217.1 3277 0.065 0.166
GL000217.1 4475 0.091 0.141
GL000217.1 4517 0.081 0.145
GL000217.1 5245 0.029 0.12
GL000217.1 5834 0.043 0.157
GL000217.1 18188 0.036 0.111
GL000217.1 19895 0.037 0.187
GL000217.1 20209 0.031 0.165
GL000217.1 20322 0.027 0.289
GL000217.1 21481 0.033 0.135
GL000217.1 21503 0.034 0.205
GL000217.1 21802 0.023 0.342
GL000217.1 22104 0.029 0.111
GL000217.1 23200 0.056 0.2
GL000217.1 42855 0.017 0.124
GL000217.1 49926 0.063 0.147
GL000217.1 53057 0.017 0.148
GL000217.1 65216 0.039 0.13
GL000217.1 65240 0.038 0.125
GL000217.1 151419 0.043 0.19
GL000216.1 44046 0.05 0.527
GL000216.1 85589 0.026 0.203
GL000216.1 164063 0.024 0.15
GL000205.1 30276 0.016 0.115
GL000219.1 91680 0.018 0.108
GL000219.1 96947 0.05 0.15
GL000219.1 102617 0.029 0.194
GL000219.1 104019 0.034 0.128
GL000219.1 106618 0.045 0.15
GL000219.1 127149 0.023 0.177
GL000219.1 129477 0.022 0.188
GL000219.1 141499 0.037 0.21
GL000224.1 52512 0.03 0.249
GL000224.1 85606 0.009622 0.149
GL000224.1 90058 0.02 0.131
GL000195.1 108239 0.025 0.134
GL000195.1 132854 0.054 0.4
GL000212.1 17437 0.047 0.267
GL000222.1 8150 0.067 0.214
GL000222.1 17219 0.057 0.249
GL000222.1 17221 0.045 0.249
GL000222.1 28395 0.059 0.364
GL000222.1 50230 0.056 0.249
GL000222.1 64849 0.037 0.148
GL000193.1 49815 0.014 0.147
GL000193.1 170587 0.048 0.307
GL000194.1 12411 0.038 0.333
GL000194.1 12435 0.04 0.333
GL000194.1 65913 0.015 0.117
GL000194.1 109767 0.015 0.111
GL000194.1 119456 0.014 0.114
GL000225.1 109572 0.083 0.364
GL000225.1 114928 0.034 0.136
GL000225.1 122193 0.045 0.19
GL000225.1 124497 0.032 0.15
GL000225.1 138588 0.053 0.167
GL000225.1 138633 0.056 0.177
GL000192.1 128465 0.067 0.151
GL000192.1 246456 0.045 0.15
GL000192.1 482426 0.033 0.12
GL000192.1 537159 0.057 0.191
