#CHROM POS IID_H133566_N01_02_WG01 IID_H133566_T02_02_WG01
1 4208087 0.028 0.191
1 6227191 0.029 0.413
1 6864214 0.056 0.235
1 10126255 0.03 0.217
1 10960530 0.029 0.25
1 11346717 0.038 0.207
1 18223956 0.07 0.329
1 18453365 0.06 0.636
1 26743304 0.033 0.278
1 27425334 0.03 0.281
1 27641712 0.018 0.262
1 30974758 0.03 0.166
1 33024979 0.027 0.321
1 37838749 0.026 0.369
1 39645988 0.026 0.35
1 44014908 0.039 0.333
1 45638652 0.027 0.4
1 48443674 0.061 0.153
1 48555646 0.028 0.222
1 52900070 0.037 0.409
1 59722964 0.048 0.286
1 61378404 0.036 0.389
1 66137932 0.048 0.333
1 70160433 0.051 0.19
1 70229185 0.044 0.159
1 70687550 0.028 0.347
1 71108526 0.033 0.222
1 73991343 0.044 0.143
1 75331443 0.037 0.183
1 75824953 0.067 0.167
1 79117992 0.027 0.217
1 79332567 0.055 0.558
1 82287624 0.036 0.221
1 83483902 0.032 0.467
1 83638868 0.065 0.221
1 89058357 0.036 0.238
1 89699491 0.041 0.256
1 91349991 0.084 0.458
1 92031789 0.039 0.428
1 93258675 0.042 0.423
1 98818486 0.046 0.4
1 102059983 0.046 0.225
1 104610371 0.042 0.267
1 105911331 0.091 0.249
1 105923206 0.033 0.308
1 109218528 0.039 0.285
1 109622357 0.027 0.2
1 110303153 0.042 0.124
1 115538075 0.04 0.201
1 119453780 0.053 0.235
1 121139851 0.012 0.127
1 121290728 0.048 0.192
1 143128777 0.042 0.159
1 143352677 0.059 0.214
1 143474706 0.013 0.118
1 143998179 0.083 0.273
1 144811654 0.05 0.282
1 144828331 0.045 0.154
1 145294958 0.039 0.182
1 145606700 0.04 0.215
1 146399776 0.067 0.235
1 147071597 0.051 0.323
1 148177911 0.083 0.231
1 148352823 0.036 0.167
1 148675111 0.022 0.149
1 148843823 0.054 0.159
1 148855105 0.053 0.363
1 148859918 0.053 0.25
1 149210779 0.036 0.176
1 150148063 0.045 0.215
1 150987838 0.043 0.167
1 150989697 0.038 0.15
1 152585868 0.083 0.571
1 153364736 0.026 0.13
1 153541510 0.026 0.248
1 154580934 0.048 0.214
1 155776532 0.029 0.157
1 157880889 0.044 0.174
1 159374821 0.035 0.4
1 160796791 0.05 0.184
1 163927429 0.032 0.236
1 166663647 0.059 0.379
1 167055839 0.029 0.2
1 170828361 0.048 0.488
1 175380579 0.029 0.266
1 178660140 0.027 0.625
1 180953289 0.04 0.213
1 185836137 0.029 0.303
1 188657784 0.045 0.216
1 189314659 0.056 0.3
1 190432338 0.053 0.362
1 195595070 0.059 0.35
1 195834511 0.048 0.399
1 200113982 0.038 0.199
1 201849397 0.028 0.25
1 213817924 0.056 0.221
1 214031457 0.042 0.28
1 216433968 0.049 0.267
1 216660736 0.031 0.361
1 219680224 0.023 0.2
1 236353473 0.072 0.197
1 236495517 0.034 0.272
1 237750064 0.03 0.278
1 239946772 0.042 0.268
1 240381129 0.042 0.436
1 242887063 0.042 0.269
1 243454051 0.058 0.154
1 245047116 0.032 0.184
2 1993201 0.032 0.314
2 2394360 0.036 0.285
2 10779946 0.026 0.276
2 11697098 0.035 0.334
2 12498577 0.046 0.465
2 13281217 0.037 0.478
2 13969901 0.027 0.349
2 15446986 0.042 0.234
2 23377124 0.03 0.238
2 30721812 0.048 0.356
2 33032178 0.059 0.318
2 35151115 0.071 0.252
2 52073341 0.029 0.27
2 52512223 0.044 0.192
2 66186411 0.088 0.215
2 67929134 0.03 0.3
2 69481665 0.031 0.373
2 72042709 0.029 0.389
2 76387973 0.031 0.331
2 81937521 0.031 0.202
2 85321027 0.037 0.15
2 86181314 0.029 0.167
2 86656833 0.043 0.125
2 87003661 0.03 0.273
2 95701182 0.026 0.186
2 97615090 0.023 0.192
2 97859227 0.045 0.385
2 98300037 0.044 0.187
2 100089756 0.037 0.381
2 118215003 0.059 0.25
2 119573277 0.041 0.436
2 119653377 0.071 0.25
2 121240887 0.023 0.367
2 122909167 0.028 0.202
2 127363386 0.045 0.444
2 133082286 0.026 0.222
2 133203701 0.028 0.304
2 147619753 0.067 0.461
2 148059703 0.034 0.421
2 151861036 0.031 0.285
2 153329612 0.045 0.196
2 154568612 0.043 0.353
2 162514248 0.057 0.501
2 164175029 0.032 0.202
2 168664900 0.038 0.181
2 176006941 0.035 0.182
2 179914407 0.032 0.237
2 184401097 0.045 0.2
2 185025092 0.045 0.294
2 187913943 0.031 0.505
2 194938187 0.038 0.273
2 206423134 0.04 0.35
2 208958796 0.053 0.308
2 209093360 0.039 0.182
2 212462757 0.038 0.333
2 220796006 0.043 0.189
2 231381595 0.038 0.191
2 233191327 0.073 0.416
2 241611211 0.034 0.249
3 402530 0.067 0.3
3 434199 0.025 0.237
3 1665146 0.1 0.2
3 5596650 0.041 0.223
3 9143782 0.025 0.227
3 9459644 0.031 0.152
3 10181456 0.033 0.458
3 10782251 0.04 0.231
3 12090159 0.042 0.238
3 16014186 0.035 0.267
3 26076243 0.037 0.278
3 27997438 0.071 0.307
3 28381851 0.037 0.173
3 32388992 0.037 0.222
3 62320387 0.042 0.3
3 64746728 0.042 0.368
3 68907679 0.038 0.248
3 73055020 0.034 0.21
3 74950409 0.03 0.175
3 75145213 0.038 0.286
3 75756776 0.043 0.25
3 75835901 0.023 0.171
3 77881531 0.034 0.221
3 79606659 0.038 0.217
3 79809912 0.047 0.374
3 82116271 0.032 0.454
3 83263193 0.045 0.182
3 83975582 0.053 0.231
3 84456033 0.047 0.222
3 84898554 0.023 0.315
3 86003372 0.052 0.282
3 86502616 0.039 0.182
3 87422370 0.043 0.276
3 89025407 0.038 0.269
3 89535722 0.043 0.35
3 94743562 0.038 0.286
3 94953427 0.044 0.333
3 94974111 0.064 0.214
3 99282172 0.067 0.216
3 105986702 0.048 0.221
3 106455444 0.031 0.333
3 113081014 0.029 0.5
3 115992951 0.031 0.354
3 117572467 0.056 0.32
3 128417120 0.026 0.333
3 130473515 0.027 0.4
3 132900005 0.034 0.3
3 133761832 0.034 0.3
3 140746795 0.049 0.209
3 144947162 0.05 0.221
3 145587770 0.035 0.335
3 149900696 0.034 0.181
3 153907104 0.04 0.164
3 183945653 0.024 0.425
3 185325376 0.026 0.363
3 187688702 0.032 0.247
3 188676928 0.037 0.5
3 188855822 0.035 0.142
3 195263590 0.053 0.233
3 197684363 0.059 0.2
4 21584 0.048 0.193
4 5938276 0.088 0.557
4 8707227 0.025 0.225
4 10849298 0.057 0.308
4 12134866 0.042 0.236
4 13023915 0.045 0.153
4 18616263 0.048 0.227
4 21240877 0.097 0.25
4 23015526 0.033 0.217
4 28897474 0.031 0.167
4 29735831 0.05 0.316
4 29795954 0.054 0.252
4 29822692 0.029 0.185
4 31117801 0.038 0.235
4 31505679 0.024 0.217
4 31519964 0.03 0.33
4 32110608 0.036 0.47
4 34001238 0.028 0.3
4 36719460 0.036 0.407
4 46237646 0.052 0.333
4 49313027 0.077 0.25
4 49637245 0.029 0.183
4 55272040 0.033 0.139
4 61273643 0.04 0.187
4 62631177 0.037 0.529
4 64573948 0.072 0.411
4 65323628 0.028 0.402
4 66751892 0.038 0.263
4 66896890 0.065 0.383
4 66965475 0.03 0.267
4 67127331 0.039 0.375
4 68260538 0.042 0.222
4 71485014 0.048 0.304
4 78654976 0.042 0.199
4 88063739 0.091 0.3
4 88616806 0.038 0.25
4 92889515 0.035 0.399
4 93841080 0.037 0.424
4 94865108 0.039 0.335
4 99904174 0.056 0.272
4 107420081 0.023 0.171
4 107888856 0.024 0.175
4 111234817 0.04 0.276
4 112318776 0.04 0.388
4 117848060 0.03 0.333
4 121771670 0.034 0.394
4 124514715 0.025 0.384
4 132650940 0.051 0.364
4 133643711 0.052 0.205
4 138326120 0.042 0.378
4 140133154 0.024 0.572
4 143440685 0.058 0.378
4 149597751 0.05 0.342
4 153001759 0.051 0.325
4 159386630 0.033 0.148
4 160294701 0.03 0.666
4 166071385 0.03 0.17
4 166949330 0.059 0.25
4 167361387 0.043 0.4
4 170748966 0.056 0.22
4 172806033 0.033 0.353
4 182470903 0.032 0.269
4 183220942 0.078 0.162
4 187342783 0.019 0.214
4 189661057 0.047 0.186
4 190658966 0.009409 0.11
5 584438 0.059 0.334
5 1326447 0.034 0.223
5 3056587 0.024 0.4
5 9422238 0.036 0.304
5 19034839 0.097 0.344
5 19558845 0.045 0.357
5 21943142 0.06 0.297
5 22391211 0.029 0.34
5 23034905 0.026 0.215
5 25095476 0.029 0.231
5 28737029 0.033 0.153
5 30414760 0.065 0.304
5 38148434 0.037 0.399
5 44065655 0.052 0.276
5 57222898 0.056 0.234
5 58036963 0.035 0.228
5 59062911 0.048 0.235
5 59775236 0.032 0.226
5 62224348 0.033 0.474
5 63274353 0.042 0.285
5 65550642 0.037 0.332
5 67157348 0.091 0.25
5 67783265 0.037 0.375
5 68621679 0.072 0.25
5 70394445 0.026 0.16
5 76547690 0.029 0.267
5 77590958 0.032 0.258
5 77629033 0.048 0.317
5 80887029 0.037 0.422
5 88897265 0.025 0.286
5 89002586 0.05 0.417
5 89424227 0.04 0.421
5 93284544 0.035 0.248
5 99812457 0.032 0.175
5 104523553 0.04 0.143
5 105651891 0.053 0.25
5 108705827 0.038 0.229
5 109427163 0.036 0.261
5 112632955 0.036 0.336
5 113612375 0.04 0.231
5 113926496 0.056 0.285
5 133010737 0.026 0.26
5 135827565 0.037 0.481
5 148993462 0.035 0.263
5 158010064 0.042 0.314
5 159477074 0.034 0.313
5 159710782 0.053 0.235
5 160475862 0.04 0.26
5 162734645 0.039 0.249
5 163549698 0.056 0.361
5 175041457 0.036 0.276
5 175394524 0.09 0.308
5 176139792 0.025 0.152
5 176532418 0.035 0.217
5 176899042 0.021 0.213
6 727405 0.032 0.3
6 3946533 0.032 0.357
6 19178891 0.034 0.2
6 20880556 0.032 0.362
6 29036573 0.039 0.312
6 29041741 0.026 0.374
6 47308706 0.03 0.381
6 49063661 0.042 0.428
6 49458879 0.043 0.332
6 53110044 0.042 0.214
6 54084193 0.038 0.231
6 69941881 0.05 0.352
6 70655452 0.039 0.333
6 75556477 0.026 0.476
6 76428711 0.03 0.276
6 76828278 0.029 0.305
6 77253628 0.036 0.443
6 77964211 0.067 0.333
6 79735873 0.036 0.263
6 91375204 0.031 0.313
6 95619629 0.064 0.347
6 98622577 0.037 0.279
6 98843664 0.084 0.333
6 100747632 0.052 0.318
6 103698258 0.032 0.26
6 105357877 0.038 0.403
6 107539938 0.04 0.24
6 108158559 0.037 0.416
6 121119209 0.03 0.277
6 122277364 0.034 0.253
6 123377770 0.061 0.38
6 127338758 0.043 0.451
6 128704914 0.046 0.375
6 129518234 0.029 0.216
6 131503545 0.031 0.25
6 132752115 0.034 0.417
6 136144174 0.019 0.471
6 148330491 0.091 0.5
6 148708007 0.037 0.375
6 151400115 0.027 0.267
6 153517672 0.064 0.252
6 156775691 0.034 0.265
6 158277547 0.037 0.55
6 158557921 0.032 0.395
6 165107308 0.032 0.213
7 5521157 0.025 0.138
7 9487245 0.032 0.378
7 14116276 0.041 0.261
7 25331563 0.029 0.208
7 34208875 0.044 0.444
7 35576463 0.027 0.219
7 45503677 0.027 0.411
7 49815213 0.025 0.171
7 52102380 0.042 0.25
7 52246436 0.031 0.294
7 52644690 0.042 0.236
7 53696084 0.053 0.121
7 54244692 0.052 0.3
7 54783967 0.042 0.28
7 56330391 0.033 0.298
7 56866918 0.034 0.373
7 57047071 0.101 0.375
7 57605656 0.044 0.333
7 57656442 0.022 0.136
7 57958603 0.056 0.231
7 61804798 0.083 0.167
7 62249447 0.05 0.458
7 62833631 0.042 0.177
7 62933460 0.031 0.178
7 62937856 0.026 0.389
7 64608409 0.062 0.3
7 64867179 0.04 0.168
7 65059525 0.045 0.5
7 65060174 0.033 0.13
7 65061099 0.091 0.124
7 72265926 0.025 0.106
7 72280528 0.02 0.19
7 73335078 0.03 0.4
7 74075036 0.036 0.331
7 74286393 0.037 0.151
7 89010620 0.038 0.174
7 90421195 0.029 0.292
7 93145760 0.037 0.332
7 96138815 0.045 0.352
7 96769525 0.03 0.428
7 104114137 0.041 0.346
7 109575585 0.048 0.368
7 114133242 0.04 0.333
7 117679733 0.034 0.379
7 118164903 0.053 0.454
7 119318483 0.033 0.302
7 126698306 0.03 0.296
7 128216715 0.063 0.273
7 134307897 0.049 0.381
7 134868261 0.026 0.322
7 135633679 0.036 0.414
7 151442417 0.031 0.235
7 156092868 0.027 0.2
7 156681068 0.034 0.231
7 157093170 0.026 0.273
8 793391 0.02 0.384
8 1756830 0.036 0.171
8 1822949 0.053 0.229
8 3028972 0.04 0.399
8 3776737 0.063 0.157
8 3919368 0.032 0.167
8 4361366 0.037 0.386
8 9713925 0.044 0.179
8 11810488 0.037 0.227
8 14630394 0.036 0.182
8 15399353 0.057 0.444
8 15435902 0.097 0.333
8 15496062 0.048 0.231
8 15956896 0.048 0.158
8 19593644 0.043 0.244
8 23114295 0.039 0.316
8 24409572 0.047 0.208
8 25653512 0.052 0.368
8 26193542 0.029 0.32
8 27654986 0.077 0.308
8 28707187 0.037 0.259
8 31005512 0.043 0.211
8 31406682 0.048 0.208
8 41199103 0.025 0.19
8 43344117 0.029 0.407
8 50008201 0.033 0.36
8 51726569 0.052 0.399
8 52472044 0.045 0.318
8 55930766 0.042 0.352
8 58323179 0.043 0.254
8 60908258 0.038 0.208
8 72054831 0.04 0.289
8 84286326 0.036 0.304
8 86845987 0.034 0.375
8 87638095 0.037 0.199
8 87709467 0.03 0.471
8 94041301 0.053 0.228
8 94182365 0.04 0.289
8 105268582 0.038 0.464
8 106421951 0.039 0.333
8 111559457 0.035 0.2
8 114419556 0.071 0.333
8 118026805 0.039 0.303
8 130465992 0.027 0.286
8 131567764 0.027 0.5
8 131924716 0.032 0.249
8 132445191 0.034 0.2
8 132470603 0.031 0.316
8 136294511 0.035 0.442
8 137111502 0.039 0.481
8 137465885 0.03 0.25
9 578207 0.023 0.345
9 1292259 0.031 0.399
9 5935952 0.033 0.575
9 9760655 0.054 0.269
9 10908133 0.031 0.348
9 11254027 0.038 0.283
9 11254189 0.043 0.235
9 11431813 0.047 0.314
9 13513356 0.046 0.363
9 15232867 0.023 0.317
9 16823777 0.034 0.306
9 19735869 0.046 0.202
9 20831508 0.033 0.357
9 21466919 0.042 0.495
9 22816486 0.038 0.235
9 23413774 0.029 0.341
9 23848761 0.052 0.6
9 24763525 0.031 0.272
9 27854923 0.038 0.276
9 30073732 0.071 0.437
9 31812058 0.044 0.155
9 31820327 0.031 0.217
9 32009766 0.041 0.153
9 32126331 0.026 0.285
9 33389164 0.028 0.166
9 35080381 0.036 0.213
9 37801043 0.05 0.289
9 38111972 0.033 0.182
9 43407565 0.05 0.2
9 45372949 0.067 0.158
9 45579490 0.1 0.218
9 66513727 0.019 0.126
9 66573565 0.1 0.4
9 66771773 0.045 0.125
9 66775245 0.067 0.174
9 68488975 0.047 0.199
9 74438519 0.048 0.142
9 74988498 0.04 0.383
9 75300002 0.036 0.143
9 76242907 0.044 0.165
9 79234693 0.032 0.249
9 79635386 0.041 0.253
9 80552982 0.028 0.166
9 81051281 0.023 0.429
9 83124006 0.054 0.13
9 89251796 0.037 0.315
9 93526895 0.039 0.287
9 94679757 0.031 0.284
9 99217792 0.029 0.286
9 102909614 0.05 0.333
9 107146809 0.071 0.479
9 111136761 0.033 0.278
9 116817874 0.042 0.286
9 127981559 0.032 0.22
9 129777891 0.035 0.221
9 138259051 0.028 0.286
9 141048810 0.036 0.208
10 930670 0.048 0.265
10 1806415 0.031 0.424
10 6626549 0.067 0.202
10 7200047 0.036 0.356
10 9112234 0.08 0.235
10 12075489 0.037 0.237
10 21851772 0.067 0.25
10 24203201 0.047 0.191
10 25530342 0.068 0.396
10 28917248 0.05 0.306
10 29795594 0.057 0.677
10 38288715 0.043 0.214
10 38610629 0.035 0.187
10 38950091 0.023 0.249
10 38999751 0.04 0.149
10 39143369 0.017 0.138
10 42371166 0.048 0.167
10 42540821 0.059 0.1
10 43510728 0.053 0.143
10 45191537 0.045 0.15
10 47985444 0.053 0.726
10 49202948 0.041 0.4
10 52453044 0.033 0.286
10 54058409 0.033 0.285
10 58441824 0.042 0.271
10 60894092 0.059 0.336
10 68939602 0.037 0.147
10 77420385 0.031 0.522
10 80456095 0.031 0.227
10 82922116 0.045 0.368
10 92390629 0.033 0.195
10 97311139 0.059 0.231
10 97519894 0.031 0.182
10 98200012 0.034 0.34
10 100040833 0.037 0.257
10 100917338 0.083 0.364
10 103878207 0.053 0.269
10 105228368 0.028 0.248
10 107732739 0.04 0.35
10 108613920 0.046 0.174
10 109035565 0.028 0.241
10 110706732 0.03 0.154
10 113746803 0.032 0.19
10 121040312 0.033 0.233
10 122663887 0.048 0.293
10 130213504 0.041 0.16
10 133265454 0.057 0.557
11 2491885 0.048 0.214
11 7492685 0.044 0.231
11 7889105 0.022 0.317
11 11920380 0.035 0.345
11 16728960 0.047 0.223
11 21318534 0.077 0.137
11 21849857 0.035 0.222
11 25230177 0.035 0.203
11 27767273 0.039 0.212
11 29722650 0.041 0.25
11 31712290 0.053 0.238
11 32683405 0.03 0.306
11 49994798 0.03 0.335
11 50470246 0.036 0.24
11 54974712 0.088 0.429
11 56742956 0.037 0.429
11 56961645 0.045 0.271
11 60580557 0.034 0.172
11 62680158 0.031 0.13
11 62784740 0.025 0.191
11 65285663 0.059 0.2
11 67598952 0.041 0.211
11 68190339 0.047 0.25
11 68275625 0.048 0.231
11 70413092 0.026 0.357
11 71810791 0.03 0.299
11 73087157 0.025 0.16
11 83705327 0.046 0.264
11 88165629 0.024 0.19
11 95999937 0.042 0.391
11 99653868 0.067 0.308
11 101082132 0.05 0.333
11 106305603 0.044 0.239
11 106375506 0.03 0.355
11 115047413 0.027 0.546
11 115554359 0.022 0.4
11 116189080 0.037 0.45
11 120187124 0.023 0.275
11 126118286 0.077 0.375
11 133872369 0.028 0.333
12 187868 0.028 0.155
12 7377831 0.037 0.195
12 10392683 0.027 0.303
12 14354143 0.033 0.369
12 17039543 0.027 0.249
12 23278837 0.032 0.214
12 23594690 0.039 0.454
12 23620360 0.05 0.419
12 27852202 0.034 0.227
12 30256995 0.063 0.129
12 31383558 0.033 0.28
12 41143179 0.063 0.174
12 44893635 0.029 0.3
12 48718827 0.036 0.174
12 49713468 0.026 0.558
12 50100591 0.033 0.25
12 78213254 0.04 0.239
12 79249308 0.045 0.226
12 88020036 0.031 0.296
12 92077154 0.043 0.6
12 94607281 0.071 0.16
12 101214281 0.034 0.545
12 102708529 0.059 0.25
12 107245127 0.071 0.268
12 108104405 0.056 0.19
12 109919228 0.05 0.411
12 112058343 0.029 0.408
12 112433950 0.053 0.224
12 115518987 0.034 0.375
12 115619139 0.034 0.316
12 118429162 0.035 0.247
12 123560433 0.023 0.5
12 127804103 0.027 0.45
12 128900791 0.029 0.375
12 131080984 0.071 0.182
12 133160267 0.024 0.25
13 39927004 0.063 0.327
13 41012840 0.052 0.302
13 42101781 0.042 0.429
13 45802889 0.03 0.285
13 45817184 0.04 0.379
13 47813841 0.043 0.191
13 50017831 0.051 0.309
13 51644070 0.031 0.422
13 53478503 0.05 0.182
13 59796742 0.053 0.238
13 62607469 0.048 0.458
13 62654663 0.047 0.273
13 63652980 0.048 0.366
13 64938326 0.032 0.333
13 73276905 0.036 0.389
13 74882802 0.041 0.25
13 77930501 0.044 0.348
13 78958792 0.035 0.272
13 83608196 0.032 0.529
13 89008646 0.037 0.178
13 90346524 0.037 0.293
13 92068723 0.036 0.2
13 93706674 0.039 0.357
13 95453307 0.027 0.405
13 100733818 0.065 0.267
13 102079608 0.048 0.45
13 103223977 0.027 0.347
13 104622181 0.031 0.304
13 115036417 0.059 0.333
14 24042107 0.039 0.318
14 25581755 0.07 0.414
14 26914093 0.047 0.375
14 28679503 0.032 0.197
14 43257799 0.052 0.289
14 48232639 0.047 0.348
14 48907362 0.043 0.25
14 52606024 0.037 0.21
14 55695639 0.031 0.349
14 57751697 0.063 0.275
14 59622375 0.03 0.18
14 64410658 0.022 0.318
14 66514501 0.038 0.364
14 72809490 0.059 0.25
14 76854508 0.044 0.388
14 78977029 0.067 0.35
14 80689567 0.023 0.181
14 85275302 0.036 0.356
14 87908168 0.038 0.407
14 92467514 0.043 0.271
14 93231402 0.025 0.4
14 94173272 0.037 0.278
14 94898513 0.05 0.161
15 20115264 0.034 0.125
15 21380295 0.091 0.248
15 23164649 0.025 0.217
15 34652329 0.028 0.178
15 36370257 0.055 0.27
15 37925168 0.035 0.333
15 40391978 0.077 0.3
15 40511015 0.036 0.348
15 41018481 0.043 0.249
15 41348160 0.038 0.19
15 41484951 0.024 0.385
15 47373838 0.047 0.214
15 51527269 0.033 0.175
15 53145823 0.033 0.2
15 58382007 0.071 0.356
15 61351337 0.034 0.409
15 62515990 0.037 0.292
15 65274822 0.022 0.286
15 65540226 0.044 0.232
15 72411410 0.039 0.212
15 88211140 0.024 0.203
15 97776393 0.033 0.412
15 98503682 0.03 0.366
15 101107198 0.07 0.311
16 200694 0.04 0.335
16 852064 0.024 0.409
16 1921491 0.077 0.333
16 5863801 0.036 0.286
16 11320590 0.027 0.234
16 15373281 0.037 0.205
16 17623012 0.023 0.293
16 19165775 0.028 0.335
16 24728273 0.042 0.21
16 29722833 0.032 0.152
16 30016521 0.024 0.273
16 30871274 0.029 0.25
16 33453300 0.049 0.15
16 33542179 0.021 0.142
16 33549216 0.022 0.116
16 46436031 0.043 0.111
16 46572346 0.052 0.44
16 47787035 0.04 0.223
16 49753427 0.03 0.188
16 57255487 0.029 0.278
16 57946470 0.03 0.42
16 57991278 0.019 0.249
16 61096944 0.033 0.392
16 61758745 0.056 0.356
16 62518462 0.048 0.429
16 65134094 0.037 0.22
16 65764752 0.037 0.208
16 71325631 0.029 0.16
16 72610163 0.036 0.187
16 73691016 0.056 0.364
16 74448225 0.034 0.174
16 81286052 0.029 0.19
16 82949178 0.048 0.219
16 83223942 0.034 0.292
16 90151548 0.029 0.503
17 1322398 0.029 0.249
17 13870604 0.04 0.35
17 14232680 0.084 0.417
17 14236876 0.04 0.192
17 16112757 0.028 0.167
17 20375646 0.023 0.173
17 21102661 0.034 0.25
17 22024466 0.025 0.359
17 28691365 0.045 0.191
17 42509449 0.067 0.3
17 47645175 0.028 0.291
17 50046271 0.053 0.392
17 50748281 0.063 0.237
17 53859018 0.056 0.409
17 56905631 0.027 0.355
17 59935367 0.063 0.363
17 62337529 0.027 0.268
17 76988406 0.039 0.308
17 77998876 0.063 0.453
18 8949434 0.026 0.6
18 9117422 0.025 0.323
18 14254741 0.042 0.186
18 14493485 0.03 0.276
18 14780833 0.077 0.2
18 22419702 0.044 0.185
18 23056274 0.028 0.229
18 25882371 0.063 0.233
18 30268223 0.032 0.2
18 35458482 0.029 0.286
18 36233626 0.052 0.396
18 36897154 0.04 0.313
18 37057469 0.077 0.467
18 38909399 0.041 0.312
18 41749860 0.032 0.375
18 41892363 0.03 0.211
18 50319254 0.045 0.21
18 57336032 0.077 0.286
18 59611631 0.042 0.348
18 61943201 0.1 0.375
18 63484320 0.036 0.2
18 65468251 0.045 0.221
18 65737633 0.047 0.384
18 71188531 0.029 0.231
18 71264638 0.042 0.556
18 71736789 0.028 0.323
19 1404721 0.034 0.357
19 3115648 0.03 0.174
19 5412485 0.026 0.223
19 5796351 0.091 0.625
19 9146682 0.025 0.288
19 10047283 0.037 0.199
19 12848712 0.026 0.202
19 13010733 0.049 0.182
19 14139390 0.024 0.182
19 14814127 0.029 0.16
19 15767110 0.038 0.2
19 17941663 0.04 0.308
19 18248534 0.03 0.121
19 21701362 0.025 0.148
19 22322676 0.035 0.25
19 22911301 0.029 0.333
19 31055283 0.035 0.438
19 37358899 0.049 0.248
19 40198567 0.031 0.291
19 41266256 0.025 0.287
19 43018423 0.028 0.34
19 45150912 0.03 0.239
19 48694401 0.04 0.219
19 48708652 0.021 0.312
19 50075485 0.027 0.333
19 54316185 0.038 0.176
19 54437453 0.03 0.241
19 55191182 0.036 0.242
19 55967472 0.036 0.387
19 56006627 0.083 0.375
20 4416945 0.033 0.28
20 7498645 0.04 0.265
20 9038926 0.071 0.273
20 11759545 0.033 0.346
20 11932443 0.063 0.149
20 14278504 0.034 0.429
20 20699207 0.04 0.248
20 21135372 0.03 0.138
20 21173040 0.055 0.229
20 22637405 0.037 0.118
20 24363515 0.035 0.13
20 24738602 0.032 0.381
20 25902850 0.038 0.161
20 29459212 0.025 0.155
20 29543972 0.031 0.167
20 30220313 0.022 0.208
20 32014441 0.026 0.197
20 32598647 0.052 0.13
20 34205996 0.033 0.154
20 34447779 0.03 0.137
20 34668757 0.038 0.3
20 34818374 0.038 0.15
20 40592115 0.023 0.362
20 42989447 0.025 0.294
20 43274048 0.03 0.181
20 50931280 0.04 0.221
20 52988180 0.071 0.308
20 55211420 0.029 0.312
21 10459123 0.041 0.265
21 14587311 0.048 0.2
21 14743292 0.031 0.119
21 16970689 0.041 0.248
21 18295293 0.037 0.294
21 20162264 0.054 0.286
21 22536247 0.036 0.391
21 23340720 0.037 0.263
21 23364201 0.056 0.306
21 28505959 0.037 0.19
21 28765730 0.049 0.179
21 32550613 0.049 0.25
21 34268217 0.046 0.316
21 36171613 0.037 0.5
22 17506060 0.027 0.139
22 17846505 0.024 0.16
22 22900029 0.027 0.286
22 23658216 0.077 0.15
22 24966847 0.042 0.2
22 25021374 0.024 0.363
22 25832009 0.04 0.308
22 27039140 0.029 0.175
22 29023672 0.038 0.13
22 29511713 0.029 0.165
22 34834657 0.083 0.333
22 35149703 0.021 0.5
22 43887544 0.038 0.227
X 8709127 0.091 0.339
X 10285774 0.091 0.286
X 13049319 0.06 0.7
X 13457134 0.1 0.276
X 16439134 0.06 0.539
X 26367174 0.079 0.875
X 46110434 0.056 0.5
X 49972583 0.045 0.316
X 61862894 0.1 0.363
X 62818174 0.077 0.385
X 85237257 0.083 0.383
X 89103144 0.071 0.833
X 95492238 0.063 0.537
X 99062939 0.1 0.5
X 108073157 0.07 0.693
X 108297808 0.083 0.333
X 115463486 0.043 0.47
X 124240298 0.045 0.422
X 124266050 0.055 0.352
X 125100565 0.083 0.4
X 131656266 0.061 0.582
X 133006922 0.051 0.714
X 140799505 0.045 0.546
X 145023365 0.104 0.347
X 148051234 0.091 0.25
X 149586839 0.1 0.362
X 149586885 0.1 0.333
X 150668846 0.091 0.333
X 152953545 0.067 0.375
Y 3608160 0.07 0.363
Y 4082810 0.097 0.176
Y 4223362 0.043 0.273
Y 4615235 0.08 0.321
Y 6895462 0.042 0.455
Y 9502136 0.097 0.7
Y 9839618 0.101 0.3
Y 10021786 0.04 0.174
Y 13297699 0.059 0.337
Y 13368526 0.061 0.308
Y 13371450 0.056 0.142
Y 15377277 0.063 0.3
Y 22240640 0.042 0.154
Y 22488169 0.097 0.6
Y 22833522 0.046 0.247
Y 22932460 0.067 0.364
MT 9840 0.0007859 0.139
GL000239.1 33658 0.052 0.238
GL000235.1 25101 0.07 0.366
GL000203.1 34743 0.067 0.121
GL000232.1 38838 0.077 0.12
GL000240.1 16877 0.048 0.333
GL000236.1 1203 0.1 0.3
GL000204.1 70735 0.07 0.274
GL000208.1 78199 0.059 0.165
GL000208.1 81558 0.048 0.13
GL000228.1 25525 0.083 0.333
GL000228.1 63217 0.064 0.166
GL000214.1 134767 0.046 0.352
GL000221.1 20733 0.063 0.442
GL000221.1 20741 0.071 0.118
GL000221.1 49018 0.067 0.419
GL000221.1 49111 0.067 0.183
GL000221.1 66778 0.059 0.108
GL000221.1 101868 0.077 0.299
GL000221.1 131007 0.045 0.199
GL000218.1 14808 0.059 0.169
GL000218.1 28861 0.06 0.411
GL000218.1 32078 0.061 0.176
GL000218.1 32756 0.1 0.273
GL000218.1 76694 0.072 0.232
GL000218.1 108376 0.036 0.112
GL000218.1 110480 0.083 0.423
GL000218.1 125416 0.033 0.178
GL000218.1 127759 0.023 0.133
GL000218.1 138874 0.042 0.238
GL000218.1 138891 0.039 0.333
GL000213.1 95850 0.089 0.415
GL000211.1 60117 0.026 0.143
GL000211.1 65705 0.034 0.19
GL000211.1 72965 0.061 0.149
GL000211.1 74488 0.039 0.1
GL000211.1 80348 0.029 0.158
GL000211.1 88535 0.037 0.136
GL000211.1 116233 0.042 0.167
GL000211.1 124873 0.055 0.107
GL000211.1 166453 0.1 0.175
GL000199.1 17253 0.047 0.172
GL000217.1 9638 0.054 0.176
GL000217.1 10021 0.033 0.15
GL000217.1 20586 0.026 0.13
GL000217.1 32717 0.071 0.269
GL000217.1 46172 0.045 0.261
GL000217.1 46249 0.027 0.153
GL000217.1 72836 0.097 0.385
GL000217.1 75820 0.046 0.185
GL000217.1 120148 0.031 0.25
GL000216.1 14197 0.056 0.167
GL000216.1 14496 0.034 0.128
GL000216.1 79341 0.031 0.136
GL000216.1 79834 0.045 0.353
GL000216.1 107383 0.026 0.133
GL000216.1 107961 0.097 0.4
GL000216.1 108120 0.061 0.267
GL000216.1 108882 0.026 0.116
GL000216.1 113382 0.041 0.123
GL000216.1 140744 0.031 0.116
GL000216.1 165227 0.045 0.177
GL000216.1 166158 0.018 0.163
GL000205.1 15388 0.055 0.294
GL000205.1 127821 0.022 0.122
GL000205.1 128679 0.017 0.158
GL000219.1 167140 0.067 0.158
GL000224.1 146686 0.038 0.256
GL000195.1 96322 0.026 0.146
GL000195.1 127092 0.035 0.208
GL000195.1 160236 0.067 0.235
GL000212.1 17742 0.058 0.13
GL000212.1 144941 0.036 0.154
GL000212.1 144989 0.034 0.173
GL000212.1 146406 0.027 0.125
GL000212.1 147730 0.043 0.124
GL000222.1 55892 0.1 0.429
GL000193.1 95425 0.056 0.286
GL000194.1 16404 0.032 0.136
GL000194.1 167240 0.045 0.143
GL000225.1 122297 0.015 0.127
GL000225.1 172423 0.024 0.133
