#CHROM POS IID_H133567_N01_02_WG01 IID_H133567_T02_02_WG01
1 1116810 0.049 0.146
1 1237075 0.061 0.152
1 1542748 0.053 0.13
1 2216968 0.077 0.201
1 2902495 0.092 0.19
1 3448100 0.045 0.192
1 4174113 0.039 0.219
1 7990447 0.027 0.306
1 9259005 0.077 0.211
1 9612961 0.048 0.223
1 11124289 0.032 0.173
1 12942504 0.056 0.226
1 15024324 0.047 0.279
1 15206585 0.04 0.177
1 16069125 0.037 0.138
1 17778923 0.059 0.266
1 18489708 0.036 0.168
1 18701208 0.031 0.285
1 19386563 0.063 0.228
1 19646459 0.056 0.158
1 21439311 0.05 0.248
1 22404836 0.031 0.32
1 23334630 0.045 0.182
1 24471876 0.071 0.171
1 26524250 0.041 0.134
1 26564711 0.081 0.236
1 30758285 0.035 0.121
1 32067444 0.043 0.217
1 32180665 0.044 0.123
1 32254868 0.052 0.185
1 32979403 0.081 0.296
1 32979409 0.081 0.285
1 34326482 0.032 0.26
1 34528403 0.044 0.108
1 35573180 0.043 0.202
1 35688551 0.038 0.174
1 36128024 0.042 0.158
1 36676536 0.053 0.173
1 36708047 0.03 0.2
1 39970571 0.059 0.205
1 42707351 0.031 0.204
1 43842371 0.039 0.152
1 44149112 0.031 0.259
1 50787069 0.04 0.16
1 55518726 0.026 0.14
1 59689052 0.046 0.18
1 59939837 0.036 0.226
1 62220132 0.091 0.193
1 63157805 0.038 0.144
1 69174874 0.038 0.188
1 83750517 0.038 0.285
1 84768972 0.045 0.321
1 86296713 0.027 0.218
1 86531963 0.063 0.273
1 87714226 0.04 0.182
1 95805140 0.033 0.333
1 96936306 0.046 0.187
1 104595903 0.067 0.409
1 105765215 0.079 0.208
1 107552654 0.037 0.35
1 118893214 0.033 0.172
1 120782305 0.1 0.221
1 142644586 0.021 0.139
1 143176166 0.056 0.103
1 143276391 0.065 0.13
1 144828331 0.032 0.139
1 145312070 0.045 0.159
1 145808063 0.039 0.119
1 148005392 0.1 0.248
1 148241339 0.057 0.19
1 148855264 0.048 0.151
1 149213057 0.032 0.113
1 149345752 0.039 0.153
1 150398112 0.053 0.177
1 151198684 0.04 0.139
1 152412228 0.035 0.174
1 152788652 0.033 0.176
1 152868788 0.048 0.141
1 152895255 0.042 0.297
1 153254176 0.045 0.13
1 153537017 0.058 0.137
1 153677019 0.049 0.135
1 153784762 0.039 0.13
1 154211523 0.063 0.112
1 154980757 0.032 0.11
1 156035718 0.029 0.126
1 156234091 0.077 0.267
1 156717393 0.055 0.158
1 156836568 0.043 0.125
1 157012991 0.047 0.125
1 157554346 0.041 0.186
1 157588386 0.037 0.15
1 161587650 0.083 0.333
1 164417980 0.034 0.261
1 166015981 0.057 0.361
1 167743460 0.03 0.25
1 169870165 0.052 0.25
1 170714076 0.043 0.151
1 172689768 0.048 0.19
1 173347996 0.053 0.222
1 173995535 0.061 0.187
1 174514147 0.027 0.114
1 178951128 0.052 0.222
1 181979610 0.032 0.133
1 182478104 0.088 0.267
1 201916309 0.068 0.439
1 203841633 0.059 0.179
1 206281658 0.032 0.151
1 206537703 0.036 0.186
1 207309399 0.046 0.263
1 208682686 0.044 0.153
1 210807315 0.03 0.138
1 215201633 0.029 0.195
1 222137876 0.07 0.199
1 224072782 0.077 0.264
1 226241434 0.058 0.164
1 227320569 0.043 0.178
1 228850511 0.091 0.261
1 230197208 0.035 0.367
1 230440829 0.1 0.214
1 237624626 0.053 0.167
1 242352779 0.048 0.28
1 242755416 0.056 0.263
2 13111829 0.039 0.319
2 13775898 0.038 0.265
2 15276544 0.039 0.192
2 17625254 0.044 0.229
2 18766444 0.061 0.21
2 19603284 0.046 0.175
2 20818133 0.052 0.112
2 22212281 0.039 0.166
2 29510930 0.091 0.25
2 30122495 0.04 0.233
2 30148833 0.046 0.182
2 30370406 0.063 0.105
2 30434368 0.05 0.166
2 32003663 0.032 0.167
2 34302415 0.056 0.273
2 38121001 0.083 0.52
2 40379812 0.043 0.2
2 41849038 0.072 0.25
2 44057911 0.04 0.215
2 46811488 0.071 0.211
2 47619751 0.067 0.261
2 56032709 0.032 0.307
2 64329959 0.056 0.268
2 64773886 0.039 0.25
2 66206243 0.028 0.158
2 66285544 0.059 0.333
2 68079661 0.053 0.171
2 68814889 0.043 0.178
2 70422794 0.038 0.166
2 71055446 0.058 0.161
2 74281002 0.056 0.25
2 74516468 0.049 0.214
2 74980552 0.041 0.159
2 78181961 0.048 0.167
2 78407423 0.04 0.273
2 82915655 0.038 0.159
2 83982253 0.047 0.428
2 84271027 0.025 0.107
2 86002395 0.035 0.128
2 86154505 0.047 0.152
2 87406238 0.048 0.172
2 87719295 0.084 0.311
2 89080207 0.043 0.146
2 89254773 0.056 0.133
2 89412474 0.045 0.149
2 91724662 0.05 0.174
2 92173331 0.042 0.249
2 92261585 0.037 0.21
2 95526128 0.091 0.136
2 95537893 0.045 0.137
2 96369322 0.039 0.158
2 100035882 0.043 0.194
2 101767498 0.067 0.183
2 104027146 0.036 0.217
2 106011353 0.043 0.212
2 107237048 0.04 0.2
2 108248934 0.046 0.172
2 113173652 0.071 0.167
2 114581217 0.059 0.258
2 115769366 0.033 0.282
2 119213787 0.039 0.387
2 122547156 0.043 0.12
2 123254235 0.067 0.214
2 125317618 0.033 0.178
2 126203045 0.036 0.235
2 126409726 0.053 0.24
2 132808443 0.07 0.2
2 132964347 0.034 0.133
2 135238861 0.053 0.437
2 143556719 0.045 0.352
2 145996094 0.077 0.309
2 150262551 0.1 0.264
2 152498523 0.044 0.248
2 154708325 0.048 0.25
2 155051032 0.048 0.28
2 157373961 0.049 0.173
2 159799379 0.039 0.138
2 160444498 0.042 0.166
2 162270767 0.048 0.178
2 167789383 0.031 0.269
2 187332607 0.045 0.236
2 197451150 0.056 0.217
2 199328150 0.05 0.207
2 200047708 0.047 0.25
2 200241161 0.053 0.201
2 200330929 0.038 0.274
2 201077574 0.045 0.293
2 201289778 0.083 0.216
2 207423277 0.047 0.228
2 211676110 0.052 0.5
2 212212521 0.039 0.279
2 234289576 0.067 0.204
2 235280965 0.036 0.194
2 236619153 0.05 0.119
2 237320505 0.1 0.3
2 238266056 0.035 0.282
2 240681979 0.041 0.155
2 241119596 0.04 0.113
2 241753453 0.042 0.167
2 241843465 0.061 0.207
2 243071966 0.077 0.136
3 1434426 0.059 0.3
3 3034212 0.039 0.205
3 6415175 0.07 0.188
3 7560345 0.049 0.142
3 7984074 0.04 0.129
3 11352129 0.047 0.144
3 11745853 0.058 0.234
3 11918729 0.037 0.143
3 15172040 0.041 0.298
3 16156453 0.034 0.167
3 16524216 0.053 0.216
3 17366834 0.049 0.273
3 18430722 0.063 0.32
3 21732834 0.049 0.371
3 26416382 0.056 0.375
3 26445188 0.077 0.182
3 29240841 0.037 0.156
3 30384985 0.052 0.218
3 32364172 0.038 0.153
3 34887478 0.045 0.334
3 35601314 0.039 0.263
3 35618988 0.062 0.221
3 37041265 0.038 0.136
3 40481553 0.056 0.154
3 43328082 0.04 0.201
3 43604363 0.04 0.133
3 45053580 0.034 0.121
3 45303063 0.033 0.132
3 46593309 0.056 0.2
3 53196287 0.031 0.193
3 55000397 0.031 0.163
3 56496977 0.025 0.161
3 58600757 0.039 0.257
3 66380569 0.037 0.281
3 68419620 0.096 0.333
3 68616907 0.036 0.221
3 69012681 0.028 0.25
3 70046151 0.036 0.181
3 70688986 0.027 0.317
3 71917930 0.079 0.174
3 75990612 0.026 0.131
3 77532298 0.05 0.2
3 78570816 0.056 0.24
3 80359796 0.048 0.191
3 81081674 0.043 0.217
3 89510080 0.059 0.272
3 95840095 0.051 0.266
3 96031912 0.048 0.285
3 101261891 0.1 0.3
3 101346146 0.054 0.335
3 101731130 0.043 0.166
3 106511958 0.047 0.207
3 107851967 0.05 0.388
3 108675419 0.049 0.291
3 108964482 0.048 0.182
3 113511198 0.053 0.2
3 114074743 0.044 0.188
3 118740359 0.05 0.269
3 128689366 0.039 0.158
3 142629023 0.033 0.16
3 145155863 0.053 0.19
3 146181108 0.039 0.178
3 149354751 0.088 0.269
3 151265985 0.031 0.4
3 154137692 0.048 0.332
3 159642056 0.03 0.154
3 159748451 0.028 0.143
3 162361339 0.048 0.323
3 162678197 0.041 0.167
3 163798444 0.048 0.274
3 170541843 0.037 0.117
3 170666511 0.036 0.193
3 175470387 0.034 0.294
3 176587824 0.033 0.168
3 176661205 0.036 0.306
3 179545045 0.032 0.25
3 188810256 0.061 0.181
3 195404973 0.071 0.186
3 195727297 0.028 0.136
3 196203265 0.039 0.143
3 197361716 0.034 0.111
3 197851727 0.039 0.15
4 499287 0.091 0.333
4 2551486 0.067 0.14
4 4024119 0.056 0.148
4 8714278 0.049 0.16
4 12890851 0.039 0.172
4 17327715 0.071 0.217
4 17401090 0.039 0.133
4 17592573 0.073 0.222
4 21758753 0.088 0.254
4 22030445 0.037 0.249
4 24874616 0.026 0.161
4 26004230 0.1 0.3
4 26135734 0.032 0.19
4 27389454 0.038 0.402
4 27846954 0.04 0.278
4 29066301 0.054 0.307
4 29308599 0.028 0.311
4 30517794 0.045 0.238
4 31167493 0.048 0.182
4 31857832 0.039 0.16
4 32279763 0.037 0.25
4 34123048 0.029 0.241
4 34913540 0.026 0.158
4 36429563 0.031 0.237
4 36583051 0.053 0.158
4 39016374 0.039 0.173
4 40588286 0.038 0.168
4 42829143 0.054 0.115
4 45126574 0.035 0.26
4 45596100 0.048 0.13
4 45820335 0.046 0.143
4 46236403 0.041 0.135
4 46613206 0.048 0.217
4 46663351 0.056 0.119
4 46746725 0.067 0.192
4 49105072 0.063 0.148
4 49519658 0.033 0.122
4 49525933 0.024 0.108
4 53511422 0.044 0.167
4 55198317 0.085 0.179
4 55472708 0.058 0.206
4 56622382 0.033 0.193
4 58151458 0.057 0.201
4 60420323 0.057 0.239
4 60446805 0.034 0.244
4 61308816 0.052 0.154
4 61944963 0.04 0.178
4 64344194 0.036 0.209
4 64521874 0.077 0.217
4 64872926 0.052 0.16
4 68708869 0.042 0.231
4 76938682 0.056 0.308
4 83029556 0.047 0.25
4 83710010 0.035 0.182
4 88336493 0.042 0.189
4 92983752 0.037 0.181
4 99916500 0.032 0.121
4 102929689 0.048 0.299
4 105072161 0.058 0.308
4 112707769 0.042 0.182
4 115503274 0.039 0.177
4 121399304 0.045 0.3
4 123534558 0.083 0.187
4 129429955 0.067 0.126
4 129817147 0.032 0.158
4 131452378 0.047 0.317
4 135021006 0.029 0.16
4 136627010 0.036 0.183
4 136909134 0.049 0.173
4 146675207 0.024 0.224
4 149418501 0.045 0.3
4 153032104 0.056 0.267
4 154706692 0.075 0.231
4 157279617 0.05 0.182
4 157751288 0.038 0.238
4 165473157 0.05 0.358
4 175760615 0.034 0.15
4 176543592 0.038 0.273
4 183959554 0.053 0.122
4 184140329 0.052 0.25
4 186202261 0.04 0.173
4 186762080 0.049 0.131
4 188993356 0.037 0.134
4 189176739 0.038 0.13
4 190760362 0.045 0.143
4 190810708 0.036 0.132
4 190827146 0.033 0.111
4 190888295 0.05 0.15
5 1027113 0.028 0.181
5 1593814 0.053 0.106
5 2999634 0.043 0.16
5 3303870 0.05 0.476
5 4074500 0.047 0.413
5 5524641 0.045 0.406
5 9033234 0.042 0.276
5 9235936 0.04 0.433
5 9671266 0.04 0.335
5 10028561 0.048 0.25
5 10870151 0.059 0.138
5 12140715 0.044 0.312
5 14458213 0.04 0.173
5 18215595 0.026 0.517
5 18961502 0.045 0.19
5 19542909 0.054 0.435
5 20035930 0.038 0.519
5 20130750 0.05 0.375
5 20269358 0.097 0.142
5 21890111 0.071 0.167
5 22524128 0.043 0.143
5 25407320 0.036 0.162
5 25422677 0.072 0.356
5 27561216 0.039 0.382
5 29349567 0.059 0.167
5 29786234 0.063 0.201
5 30418731 0.047 0.211
5 32910310 0.032 0.193
5 35727080 0.1 0.302
5 36052824 0.041 0.288
5 40147223 0.063 0.42
5 40747244 0.04 0.14
5 43518841 0.042 0.179
5 45517695 0.063 0.408
5 46354388 0.04 0.167
5 50585546 0.024 0.286
5 57476987 0.063 0.333
5 59185493 0.053 0.316
5 60062889 0.04 0.45
5 62578002 0.045 0.15
5 62639270 0.038 0.228
5 67202651 0.067 0.183
5 72251770 0.041 0.157
5 72770855 0.063 0.214
5 76905682 0.031 0.178
5 79800366 0.083 0.213
5 81047689 0.039 0.194
5 82007441 0.037 0.227
5 82007843 0.049 0.232
5 92915868 0.032 0.27
5 93882941 0.039 0.416
5 94156818 0.05 0.219
5 94978947 0.038 0.312
5 97798689 0.044 0.219
5 102298891 0.056 0.217
5 102299681 0.045 0.294
5 102299764 0.056 0.263
5 108746745 0.071 0.3
5 109207617 0.053 0.216
5 110753434 0.046 0.25
5 111274825 0.029 0.304
5 112795454 0.04 0.213
5 113523245 0.059 0.167
5 113536333 0.037 0.284
5 115819759 0.097 0.331
5 116684699 0.033 0.429
5 121811888 0.043 0.235
5 126950482 0.1 0.412
5 131549866 0.052 0.304
5 134133865 0.059 0.266
5 135400959 0.04 0.146
5 144946387 0.066 0.164
5 148012279 0.035 0.27
5 152093644 0.059 0.267
5 152436056 0.091 0.375
5 156935039 0.036 0.164
5 157526647 0.075 0.303
5 160564105 0.031 0.191
5 164836359 0.059 0.268
5 165753106 0.039 0.333
5 172473987 0.042 0.307
5 173257101 0.042 0.272
5 173561606 0.051 0.163
5 173791820 0.043 0.238
5 174160191 0.034 0.122
5 174760809 0.05 0.143
5 174985159 0.081 0.235
5 178307548 0.045 0.111
6 2562769 0.036 0.223
6 2988546 0.039 0.196
6 4156717 0.045 0.279
6 6679045 0.056 0.15
6 8280318 0.046 0.236
6 17168718 0.077 0.222
6 18331581 0.063 0.173
6 21432466 0.056 0.466
6 23738785 0.03 0.179
6 26857901 0.045 0.214
6 27571306 0.058 0.181
6 27619334 0.058 0.202
6 28661985 0.047 0.118
6 35005554 0.035 0.167
6 37137833 0.071 0.165
6 37494148 0.042 0.182
6 37594062 0.036 0.233
6 39495917 0.063 0.234
6 42003464 0.044 0.174
6 42667101 0.033 0.115
6 43640643 0.045 0.264
6 43843928 0.036 0.141
6 44251087 0.037 0.111
6 46258703 0.042 0.313
6 50028814 0.042 0.3
6 50319716 0.05 0.242
6 53705749 0.05 0.25
6 54166896 0.044 0.321
6 56056381 0.048 0.199
6 56095591 0.04 0.204
6 62039003 0.031 0.279
6 69658085 0.037 0.221
6 74288152 0.027 0.224
6 74384367 0.038 0.123
6 75466495 0.054 0.235
6 77773565 0.048 0.212
6 80434567 0.036 0.231
6 82881405 0.033 0.222
6 83644671 0.1 0.273
6 86863045 0.032 0.2
6 87633829 0.063 0.304
6 89243602 0.071 0.166
6 89290120 0.046 0.2
6 90914511 0.04 0.231
6 91330555 0.047 0.25
6 91365477 0.072 0.353
6 92830434 0.037 0.133
6 93764585 0.075 0.175
6 93891613 0.052 0.188
6 94857188 0.04 0.252
6 95411726 0.037 0.309
6 96200621 0.037 0.172
6 97566516 0.101 0.271
6 98338850 0.043 0.428
6 98830687 0.04 0.161
6 100680136 0.045 0.429
6 101107898 0.07 0.27
6 118963712 0.034 0.309
6 120149026 0.041 0.264
6 123399481 0.071 0.211
6 123470508 0.072 0.263
6 124231688 0.091 0.25
6 124289767 0.031 0.32
6 124637317 0.05 0.219
6 129259413 0.029 0.181
6 129289044 0.052 0.199
6 130863261 0.081 0.235
6 136113516 0.067 0.248
6 136297525 0.033 0.222
6 137002770 0.053 0.155
6 138409623 0.048 0.2
6 141761600 0.067 0.292
6 144851765 0.042 0.188
6 146711376 0.056 0.334
6 148283195 0.043 0.192
6 149914976 0.043 0.144
6 151359576 0.038 0.148
6 165041368 0.035 0.211
6 165196391 0.088 0.5
6 169582179 0.032 0.143
6 170399054 0.038 0.138
7 633512 0.025 0.181
7 4566948 0.046 0.198
7 13725799 0.032 0.4
7 14045965 0.037 0.252
7 15787899 0.042 0.227
7 18745938 0.071 0.192
7 19151160 0.059 0.145
7 21915535 0.059 0.187
7 26872878 0.04 0.179
7 27087697 0.026 0.116
7 28693989 0.045 0.316
7 30211139 0.035 0.192
7 30791647 0.03 0.182
7 35037272 0.056 0.176
7 38389290 0.077 0.3
7 38726267 0.047 0.175
7 40884166 0.045 0.13
7 42319618 0.063 0.2
7 43482172 0.037 0.391
7 43762470 0.035 0.194
7 44847603 0.077 0.179
7 45433524 0.058 0.167
7 45960923 0.05 0.12
7 48551014 0.038 0.264
7 51210664 0.031 0.168
7 51711112 0.04 0.125
7 52613784 0.04 0.28
7 53851589 0.052 0.364
7 54392768 0.036 0.213
7 55473139 0.063 0.182
7 55544119 0.083 0.179
7 56782364 0.046 0.149
7 57704400 0.039 0.166
7 57782526 0.053 0.142
7 61786244 0.019 0.296
7 62537823 0.067 0.18
7 62733131 0.054 0.4
7 63237397 0.05 0.115
7 63498100 0.039 0.129
7 63498497 0.054 0.133
7 63652436 0.043 0.144
7 64464768 0.043 0.145
7 64902777 0.037 0.159
7 65330284 0.038 0.13
7 65899209 0.041 0.158
7 66068751 0.067 0.157
7 67745934 0.027 0.197
7 68616021 0.029 0.333
7 70938488 0.03 0.147
7 71426632 0.039 0.155
7 71572923 0.038 0.18
7 72719509 0.067 0.142
7 72955223 0.053 0.136
7 73082207 0.047 0.174
7 73107817 0.034 0.125
7 73636659 0.085 0.185
7 75375343 0.04 0.121
7 75429706 0.063 0.188
7 76519522 0.067 0.176
7 76601707 0.048 0.125
7 79221851 0.048 0.333
7 82722830 0.1 0.3
7 84936594 0.04 0.2
7 87903364 0.033 0.272
7 99870280 0.04 0.188
7 100065333 0.033 0.105
7 100738658 0.052 0.161
7 101137079 0.046 0.185
7 102746408 0.063 0.21
7 103538991 0.033 0.227
7 105803452 0.034 0.333
7 108784735 0.064 0.229
7 109284873 0.042 0.38
7 111833400 0.045 0.2
7 112644679 0.049 0.21
7 114911579 0.025 0.333
7 124836329 0.03 0.3
7 126564681 0.041 0.35
7 129992364 0.059 0.209
7 130811354 0.04 0.167
7 131362687 0.063 0.149
7 134853524 0.043 0.182
7 135766410 0.041 0.462
7 138666050 0.059 0.162
7 140314907 0.034 0.219
7 140920318 0.042 0.165
7 143670580 0.052 0.2
7 143742652 0.039 0.122
7 146813055 0.033 0.19
7 148808198 0.034 0.116
7 149419580 0.053 0.148
7 149935448 0.091 0.3
7 150812255 0.059 0.232
7 151112454 0.053 0.237
7 151689264 0.091 0.158
7 151711374 0.042 0.189
7 152132320 0.044 0.101
7 155319830 0.049 0.136
7 155519969 0.038 0.181
7 155808481 0.031 0.12
7 156863312 0.1 0.333
7 157411235 0.045 0.141
7 158041941 0.028 0.215
7 158376201 0.059 0.259
8 151286 0.097 0.265
8 2206049 0.018 0.137
8 2285331 0.1 0.316
8 4446001 0.029 0.142
8 4818070 0.037 0.321
8 8452935 0.069 0.571
8 9671655 0.077 0.167
8 10305794 0.049 0.239
8 10786865 0.04 0.258
8 11808015 0.081 0.135
8 14034977 0.033 0.187
8 14140378 0.071 0.253
8 15435730 0.091 0.4
8 18380251 0.046 0.253
8 21043354 0.034 0.131
8 21440583 0.041 0.131
8 21493864 0.042 0.473
8 21684564 0.056 0.16
8 27879720 0.083 0.225
8 29208737 0.042 0.165
8 31205143 0.071 0.404
8 31621329 0.031 0.106
8 31882518 0.073 0.31
8 32165372 0.032 0.281
8 33349531 0.034 0.105
8 33920465 0.048 0.148
8 35402316 0.032 0.199
8 35566437 0.045 0.2
8 36258079 0.05 0.437
8 36800564 0.063 0.293
8 37296564 0.046 0.343
8 39883949 0.045 0.2
8 39946203 0.049 0.239
8 40345738 0.054 0.192
8 42301237 0.029 0.225
8 43147242 0.024 0.134
8 47655273 0.046 0.314
8 49881158 0.067 0.115
8 50469583 0.033 0.121
8 55594207 0.041 0.287
8 56180442 0.034 0.196
8 57420418 0.053 0.148
8 58601962 0.043 0.257
8 59159664 0.048 0.324
8 61100433 0.046 0.286
8 63082836 0.042 0.21
8 69634536 0.048 0.228
8 70144273 0.091 0.222
8 70144278 0.092 0.21
8 70159627 0.04 0.2
8 71872179 0.026 0.344
8 75329991 0.1 0.268
8 76134132 0.053 0.375
8 76639145 0.045 0.167
8 76783084 0.059 0.426
8 80149508 0.031 0.189
8 84721395 0.042 0.216
8 92048806 0.035 0.194
8 94505589 0.048 0.261
8 96961026 0.036 0.333
8 103518510 0.039 0.433
8 104193367 0.058 0.167
8 104724747 0.043 0.209
8 104939919 0.053 0.304
8 106905854 0.056 0.351
8 106907661 0.051 0.389
8 108430732 0.063 0.207
8 112994283 0.037 0.162
8 124081161 0.042 0.285
8 125489979 0.047 0.44
8 128781795 0.038 0.333
8 131013792 0.067 0.148
8 132652326 0.071 0.166
8 133536534 0.042 0.333
8 136464201 0.041 0.108
8 138220575 0.036 0.283
8 144178268 0.063 0.175
8 144922898 0.037 0.145
8 145143811 0.029 0.28
8 145830698 0.06 0.162
9 504801 0.067 0.2
9 3506553 0.042 0.3
9 5135798 0.036 0.261
9 8788359 0.04 0.145
9 10822035 0.032 0.199
9 10954658 0.048 0.433
9 17980934 0.043 0.276
9 18281461 0.034 0.16
9 22843216 0.036 0.17
9 23140374 0.037 0.361
9 23202205 0.047 0.174
9 24649241 0.036 0.25
9 26490547 0.04 0.19
9 26691812 0.042 0.174
9 28822959 0.047 0.2
9 34623077 0.052 0.152
9 34681979 0.034 0.112
9 35053877 0.059 0.149
9 35125737 0.067 0.111
9 35654007 0.055 0.142
9 36315322 0.1 0.15
9 37077014 0.053 0.161
9 37150328 0.045 0.346
9 37199343 0.048 0.126
9 38048019 0.039 0.163
9 38460766 0.071 0.286
9 42506118 0.1 0.251
9 44068993 0.075 0.364
9 44110456 0.081 0.198
9 45713846 0.059 0.208
9 66818262 0.097 0.214
9 68427484 0.05 0.133
9 69277485 0.041 0.25
9 69787510 0.085 0.384
9 69966832 0.088 0.427
9 71338147 0.036 0.125
9 71932077 0.044 0.209
9 73635379 0.05 0.303
9 75157503 0.042 0.15
9 75450622 0.071 0.126
9 76039227 0.042 0.158
9 77176827 0.071 0.137
9 79779422 0.05 0.136
9 81243877 0.057 0.235
9 83111028 0.046 0.281
9 86680801 0.045 0.318
9 88762416 0.033 0.199
9 88982143 0.083 0.222
9 89920541 0.038 0.48
9 90848263 0.039 0.129
9 92887268 0.029 0.25
9 100318410 0.041 0.202
9 101646880 0.056 0.29
9 101880392 0.048 0.155
9 102584246 0.085 0.176
9 103017710 0.046 0.111
9 111993737 0.065 0.234
9 112771114 0.059 0.176
9 113373628 0.04 0.35
9 114747006 0.083 0.2
9 117007709 0.031 0.242
9 118625844 0.1 0.25
9 119151478 0.045 0.176
9 122985406 0.045 0.291
9 123622841 0.042 0.18
9 130466221 0.053 0.157
9 130599222 0.059 0.123
9 131041042 0.05 0.185
9 132527996 0.04 0.185
9 132981823 0.059 0.143
9 135590186 0.084 0.21
9 137643430 0.038 0.375
9 138428956 0.056 0.179
9 139597103 0.067 0.158
9 139694995 0.045 0.146
9 139992915 0.056 0.143
9 140907818 0.045 0.172
10 1487690 0.067 0.2
10 3834222 0.027 0.226
10 5045545 0.042 0.241
10 5049000 0.05 0.15
10 10561763 0.047 0.444
10 11468585 0.036 0.155
10 11822125 0.083 0.162
10 13408894 0.04 0.119
10 16162372 0.047 0.108
10 18053815 0.077 0.263
10 22696548 0.049 0.15
10 24006203 0.052 0.464
10 24476908 0.036 0.171
10 25640350 0.071 0.25
10 27180190 0.05 0.128
10 28102624 0.065 0.403
10 28485770 0.05 0.15
10 28988513 0.047 0.391
10 29580061 0.077 0.166
10 31567388 0.04 0.125
10 32379521 0.04 0.333
10 32957943 0.034 0.41
10 42373391 0.047 0.136
10 42413240 0.037 0.52
10 44689768 0.025 0.324
10 47618933 0.05 0.231
10 51739347 0.077 0.248
10 51806367 0.047 0.314
10 56605642 0.034 0.288
10 60630860 0.05 0.335
10 60886710 0.045 0.201
10 62848345 0.043 0.222
10 63419790 0.035 0.189
10 66786443 0.053 0.226
10 67942126 0.045 0.163
10 68024578 0.044 0.193
10 69172577 0.03 0.172
10 70091792 0.042 0.115
10 71872428 0.053 0.304
10 78399156 0.05 0.686
10 78741003 0.045 0.276
10 82632896 0.028 0.2
10 84543442 0.051 0.233
10 86042871 0.042 0.212
10 91292920 0.081 0.274
10 93431626 0.037 0.375
10 94051779 0.071 0.267
10 100813779 0.035 0.237
10 103874377 0.034 0.119
10 104280058 0.045 0.222
10 111424287 0.035 0.164
10 116965009 0.043 0.391
10 125621147 0.056 0.222
10 128109944 0.052 0.178
10 129702098 0.029 0.24
10 131795100 0.059 0.32
10 133639773 0.045 0.31
11 1277977 0.032 0.103
11 1687325 0.063 0.143
11 6458847 0.044 0.168
11 7070178 0.043 0.149
11 13185566 0.048 0.291
11 13788904 0.05 0.185
11 18608941 0.033 0.108
11 19114551 0.042 0.416
11 20980403 0.044 0.394
11 21641767 0.042 0.123
11 21818384 0.04 0.28
11 24850100 0.073 0.182
11 26615060 0.05 0.119
11 27325421 0.034 0.281
11 27985974 0.056 0.16
11 30514811 0.033 0.111
11 31247457 0.038 0.35
11 32956020 0.036 0.313
11 33390659 0.077 0.253
11 34657292 0.043 0.182
11 35336346 0.053 0.141
11 37981459 0.048 0.311
11 38718519 0.045 0.252
11 38800920 0.054 0.154
11 39909338 0.058 0.194
11 40707936 0.056 0.454
11 44072763 0.033 0.205
11 44411468 0.039 0.178
11 44629618 0.047 0.156
11 44991367 0.052 0.307
11 45134670 0.041 0.311
11 45966236 0.038 0.269
11 46940680 0.054 0.141
11 47104621 0.077 0.167
11 48799116 0.042 0.375
11 49292589 0.035 0.276
11 49482787 0.039 0.2
11 49517471 0.071 0.334
11 50448800 0.05 0.407
11 50502814 0.05 0.402
11 56679547 0.048 0.174
11 58271781 0.039 0.235
11 58730459 0.067 0.112
11 59466548 0.061 0.353
11 61177173 0.042 0.121
11 61324406 0.033 0.13
11 61642332 0.048 0.13
11 62691030 0.046 0.139
11 62893479 0.059 0.176
11 63704698 0.044 0.105
11 63729455 0.048 0.105
11 64593558 0.062 0.179
11 65029359 0.039 0.101
11 65680292 0.036 0.193
11 72115105 0.045 0.151
11 72664449 0.039 0.152
11 73202660 0.045 0.282
11 73211326 0.081 0.236
11 75371251 0.053 0.375
11 75962125 0.049 0.165
11 76072713 0.04 0.231
11 76894377 0.053 0.108
11 77472909 0.063 0.103
11 78123907 0.042 0.4
11 79820552 0.063 0.227
11 80267771 0.042 0.1
11 80843859 0.037 0.117
11 89805583 0.042 0.228
11 91980857 0.05 0.105
11 92038528 0.046 0.243
11 93046463 0.028 0.323
11 95525537 0.042 0.275
11 98904263 0.036 0.349
11 100176316 0.037 0.146
11 101895956 0.065 0.208
11 102820831 0.041 0.134
11 105720540 0.054 0.485
11 106184889 0.081 0.226
11 106353398 0.038 0.25
11 106628668 0.042 0.219
11 106750241 0.035 0.458
11 108828099 0.075 0.421
11 110282680 0.091 0.185
11 111175853 0.045 0.294
11 111787364 0.049 0.461
11 112397547 0.039 0.117
11 113066193 0.077 0.134
11 116595166 0.047 0.186
11 116646656 0.028 0.258
11 118006876 0.051 0.151
11 118639735 0.1 0.176
11 122015015 0.029 0.18
11 122346978 0.092 0.143
11 123059798 0.038 0.347
11 123140179 0.038 0.16
11 124260668 0.057 0.139
11 126503126 0.04 0.107
11 127273345 0.058 0.644
11 127827021 0.048 0.167
11 129397934 0.031 0.151
11 130045021 0.042 0.125
11 134271485 0.059 0.21
12 305488 0.05 0.155
12 3711168 0.047 0.158
12 3777784 0.023 0.165
12 4002127 0.048 0.158
12 4205007 0.083 0.167
12 5449207 0.043 0.144
12 5540709 0.077 0.144
12 7436536 0.037 0.216
12 7550432 0.042 0.189
12 7859425 0.037 0.181
12 8367977 0.026 0.125
12 10105142 0.081 0.333
12 10453468 0.045 0.283
12 10783243 0.047 0.399
12 12515796 0.028 0.191
12 15276216 0.037 0.227
12 16771482 0.039 0.403
12 17160901 0.021 0.148
12 18563443 0.091 0.286
12 22565096 0.077 0.121
12 31488379 0.048 0.138
12 34075436 0.042 0.545
12 34077482 0.035 0.215
12 37910844 0.04 0.154
12 39858526 0.037 0.167
12 44258514 0.037 0.246
12 46745333 0.048 0.166
12 54784943 0.044 0.172
12 54952053 0.077 0.25
12 58351977 0.038 0.233
12 60359316 0.1 0.333
12 64803951 0.035 0.161
12 66333284 0.034 0.205
12 68330242 0.045 0.19
12 70468800 0.085 0.19
12 72844880 0.039 0.267
12 73406775 0.045 0.294
12 74222721 0.034 0.287
12 74254928 0.1 0.265
12 75239062 0.053 0.2
12 76059254 0.041 0.224
12 76392873 0.048 0.159
12 82040660 0.053 0.231
12 83196547 0.033 0.174
12 83297660 0.039 0.232
12 86739245 0.063 0.187
12 87620615 0.052 0.25
12 88131489 0.043 0.356
12 89178465 0.032 0.191
12 91550177 0.043 0.353
12 97785970 0.047 0.286
12 98296822 0.053 0.26
12 102707104 0.029 0.205
12 103073348 0.056 0.159
12 106376015 0.029 0.19
12 106733683 0.031 0.217
12 107731421 0.052 0.133
12 111008995 0.042 0.199
12 115707226 0.035 0.154
12 116506889 0.039 0.149
12 116897680 0.05 0.208
12 118638209 0.038 0.32
12 121516720 0.077 0.257
12 122654370 0.048 0.219
12 124329869 0.058 0.197
12 125447244 0.033 0.186
12 125556674 0.072 0.119
12 126345847 0.036 0.149
12 126531248 0.032 0.167
12 127078280 0.038 0.155
12 127366754 0.054 0.181
13 19316536 0.035 0.218
13 19743118 0.072 0.193
13 20050523 0.067 0.234
13 20716059 0.038 0.149
13 25555689 0.032 0.193
13 28307295 0.052 0.184
13 30843249 0.033 0.15
13 34122088 0.038 0.155
13 34333891 0.045 0.124
13 34776024 0.038 0.266
13 36712915 0.043 0.226
13 37759858 0.057 0.375
13 40954191 0.038 0.138
13 41779487 0.053 0.146
13 42868828 0.045 0.231
13 42941409 0.097 0.272
13 43863346 0.033 0.148
13 46650595 0.05 0.2
13 48463172 0.034 0.218
13 50905462 0.057 0.148
13 52921520 0.05 0.21
13 53537882 0.063 0.207
13 53800489 0.039 0.231
13 56205027 0.026 0.261
13 56523892 0.054 0.384
13 56797818 0.053 0.423
13 57324670 0.05 0.147
13 58499773 0.043 0.25
13 64799080 0.097 0.601
13 70361538 0.07 0.356
13 73747233 0.047 0.206
13 75883264 0.033 0.428
13 77095953 0.044 0.329
13 83146872 0.053 0.275
13 84289318 0.03 0.308
13 86364695 0.067 0.412
13 86385027 0.042 0.406
13 87467763 0.05 0.25
13 87671688 0.037 0.247
13 88161612 0.039 0.272
13 91187840 0.063 0.211
13 93617212 0.049 0.134
13 94301252 0.036 0.36
13 100020353 0.067 0.138
13 102521235 0.043 0.323
13 103179382 0.027 0.333
13 105449236 0.048 0.25
13 107450644 0.046 0.19
13 109547456 0.031 0.348
13 110459409 0.049 0.166
13 110829942 0.051 0.175
13 111243018 0.043 0.25
13 112337493 0.033 0.214
14 19102326 0.035 0.115
14 21248977 0.081 0.176
14 21664871 0.061 0.133
14 21750858 0.04 0.154
14 21907135 0.027 0.119
14 22001765 0.04 0.176
14 23307722 0.042 0.206
14 23657705 0.048 0.197
14 26050625 0.043 0.278
14 26147987 0.075 0.152
14 31758600 0.079 0.149
14 35400240 0.063 0.333
14 38698104 0.045 0.231
14 39640791 0.083 0.159
14 41098184 0.047 0.167
14 41350382 0.04 0.337
14 46453455 0.049 0.212
14 46623338 0.053 0.322
14 60285829 0.088 0.19
14 61667648 0.048 0.251
14 71687250 0.038 0.16
14 72423812 0.031 0.336
14 72453829 0.047 0.241
14 80052060 0.081 0.182
14 80379775 0.039 0.529
14 82188951 0.04 0.196
14 87527874 0.026 0.174
14 88555708 0.097 0.266
14 92519861 0.051 0.232
14 93185473 0.05 0.19
14 97379282 0.027 0.335
14 98150266 0.042 0.23
14 98919115 0.042 0.207
14 100957081 0.044 0.131
14 102366491 0.032 0.162
14 102683168 0.047 0.111
14 104180800 0.046 0.214
14 104963815 0.077 0.353
14 105322333 0.039 0.141
14 105382343 0.065 0.325
14 106045334 0.083 0.294
14 106229579 0.038 0.105
14 106396117 0.059 0.106
15 20035945 0.03 0.142
15 20311221 0.081 0.168
15 23872096 0.035 0.222
15 24377496 0.045 0.25
15 24440198 0.063 0.231
15 25149542 0.028 0.148
15 26281836 0.045 0.232
15 27524219 0.063 0.4
15 28140609 0.045 0.186
15 36815454 0.04 0.188
15 37252225 0.05 0.412
15 37509773 0.051 0.174
15 38527039 0.081 0.334
15 41398625 0.053 0.223
15 42374104 0.056 0.174
15 45393178 0.031 0.208
15 46401193 0.077 0.307
15 46739845 0.038 0.208
15 48294934 0.049 0.18
15 48311367 0.037 0.155
15 52081129 0.036 0.176
15 56006590 0.075 0.195
15 56285999 0.06 0.169
15 56346784 0.059 0.16
15 56464715 0.043 0.174
15 59364700 0.07 0.176
15 59374913 0.044 0.208
15 62553580 0.042 0.171
15 64597447 0.058 0.153
15 65041312 0.029 0.198
15 73577995 0.048 0.214
15 78630124 0.065 0.185
15 79090130 0.025 0.258
15 79106470 0.044 0.182
15 80081515 0.05 0.176
15 80627264 0.038 0.174
15 87793160 0.052 0.226
15 90700630 0.067 0.187
15 91138065 0.048 0.143
15 91674476 0.054 0.167
15 91907281 0.075 0.171
15 96154588 0.048 0.263
15 100939423 0.05 0.129
15 102361388 0.044 0.184
16 831412 0.042 0.108
16 887895 0.07 0.177
16 1566768 0.059 0.193
16 3365221 0.062 0.231
16 4134494 0.047 0.168
16 4927998 0.043 0.194
16 6460239 0.067 0.235
16 7046118 0.045 0.19
16 7121257 0.046 0.238
16 7721503 0.045 0.304
16 10423984 0.059 0.167
16 12046033 0.067 0.174
16 14748405 0.04 0.142
16 15144336 0.045 0.182
16 15148228 0.037 0.218
16 16002896 0.091 0.164
16 16007570 0.077 0.187
16 16835803 0.039 0.267
16 17237160 0.05 0.333
16 17869763 0.042 0.164
16 17891569 0.044 0.273
16 17960770 0.04 0.333
16 20209802 0.067 0.378
16 20911720 0.077 0.2
16 24709524 0.036 0.156
16 25463132 0.043 0.159
16 25920797 0.044 0.184
16 26993695 0.091 0.273
16 30568015 0.03 0.2
16 31011143 0.03 0.218
16 31954875 0.059 0.254
16 34392457 0.027 0.214
16 34440247 0.039 0.333
16 35152138 0.063 0.173
16 46462386 0.044 0.166
16 49078630 0.048 0.142
16 49246127 0.048 0.178
16 49953222 0.045 0.115
16 50763084 0.05 0.126
16 51317515 0.038 0.142
16 51511320 0.026 0.302
16 51753121 0.048 0.143
16 52065151 0.042 0.131
16 54227524 0.037 0.12
16 58803210 0.052 0.191
16 60380147 0.043 0.25
16 60737216 0.056 0.21
16 60867823 0.039 0.285
16 61802865 0.034 0.278
16 62849219 0.053 0.42
16 66986184 0.042 0.133
16 69052027 0.067 0.21
16 79304634 0.04 0.249
16 80991795 0.081 0.2
16 83800113 0.038 0.314
16 84724543 0.037 0.25
16 88266021 0.063 0.267
17 847375 0.037 0.16
17 2250390 0.063 0.199
17 7758281 0.048 0.189
17 11849232 0.047 0.172
17 12781973 0.037 0.2
17 16069655 0.034 0.143
17 20286851 0.063 0.214
17 20781700 0.017 0.137
17 20797001 0.059 0.331
17 21774668 0.059 0.312
17 21952461 0.056 0.116
17 21955834 0.059 0.148
17 22045655 0.038 0.314
17 22215968 0.029 0.222
17 25842659 0.053 0.377
17 25930202 0.038 0.148
17 26660136 0.047 0.141
17 26693274 0.031 0.304
17 26828118 0.083 0.153
17 31999370 0.081 0.176
17 33276062 0.066 0.264
17 35671903 0.075 0.264
17 36607293 0.048 0.168
17 37598784 0.067 0.229
17 39816424 0.057 0.104
17 43424294 0.046 0.138
17 44305817 0.086 0.175
17 47485924 0.037 0.143
17 50033342 0.035 0.25
17 54356277 0.049 0.191
17 56364278 0.053 0.167
17 59685650 0.084 0.273
17 60364314 0.053 0.422
17 60403800 0.042 0.252
17 61168461 0.05 0.305
17 61540640 0.039 0.167
17 62513908 0.042 0.135
17 62768761 0.028 0.102
17 63669466 0.036 0.158
17 65581590 0.041 0.121
17 70492710 0.037 0.131
17 71908224 0.043 0.134
17 71993885 0.041 0.166
17 72491785 0.043 0.2
17 72595080 0.043 0.2
17 72855611 0.056 0.166
17 73950768 0.075 0.176
17 75822906 0.053 0.176
17 76012095 0.029 0.208
17 76478053 0.049 0.235
17 76634037 0.07 0.201
17 77813861 0.051 0.149
17 78142371 0.031 0.164
17 78590135 0.077 0.176
17 79341770 0.061 0.132
17 79581298 0.083 0.214
17 79852951 0.077 0.15
17 80227019 0.056 0.2
17 80427775 0.048 0.143
17 80532577 0.032 0.181
17 80574992 0.041 0.107
18 83359 0.027 0.129
18 1906456 0.045 0.275
18 2893821 0.053 0.133
18 3701711 0.059 0.164
18 4409316 0.048 0.312
18 5512645 0.036 0.161
18 6872264 0.056 0.116
18 8117654 0.041 0.136
18 8193398 0.043 0.188
18 8972833 0.051 0.167
18 8972847 0.053 0.136
18 9581821 0.063 0.25
18 11248296 0.03 0.149
18 11979652 0.071 0.167
18 13514821 0.038 0.125
18 14004798 0.05 0.186
18 14322394 0.025 0.14
18 15396920 0.071 0.2
18 20044297 0.038 0.243
18 20288384 0.031 0.25
18 21643501 0.045 0.132
18 21952253 0.042 0.124
18 22395917 0.05 0.231
18 24776618 0.07 0.273
18 25109725 0.038 0.267
18 25294502 0.048 0.239
18 29516922 0.059 0.233
18 31867920 0.065 0.371
18 33003428 0.053 0.333
18 33078747 0.048 0.152
18 35165083 0.071 0.174
18 36157847 0.092 0.162
18 37475357 0.047 0.238
18 40161966 0.04 0.213
18 42882162 0.037 0.181
18 43763455 0.029 0.224
18 45331136 0.036 0.19
18 46338234 0.07 0.188
18 47931227 0.042 0.223
18 48712855 0.053 0.208
18 51293076 0.045 0.412
18 51778398 0.045 0.178
18 52447244 0.087 0.26
18 54509567 0.075 0.25
18 57673544 0.043 0.454
18 61082232 0.037 0.194
18 61830997 0.1 0.333
18 61831003 0.1 0.364
18 63631189 0.03 0.219
18 68196075 0.077 0.25
18 69290511 0.053 0.333
18 76584045 0.046 0.318
19 708962 0.084 0.392
19 736149 0.039 0.165
19 759102 0.047 0.105
19 1008832 0.046 0.209
19 1775578 0.055 0.219
19 6346546 0.064 0.159
19 6371906 0.032 0.136
19 6829005 0.039 0.198
19 7749080 0.046 0.123
19 8681577 0.097 0.25
19 9181666 0.042 0.125
19 10754710 0.036 0.122
19 11064782 0.056 0.121
19 11287811 0.048 0.125
19 15408059 0.032 0.118
19 18513099 0.059 0.25
19 18765374 0.048 0.173
19 19225796 0.081 0.115
19 20270835 0.045 0.166
19 20493720 0.052 0.175
19 21184797 0.077 0.187
19 22212759 0.04 0.142
19 23088930 0.042 0.229
19 23453094 0.053 0.242
19 27736091 0.048 0.259
19 28526473 0.033 0.233
19 29970159 0.026 0.114
19 30348471 0.032 0.143
19 31089255 0.036 0.169
19 32064182 0.037 0.184
19 35569171 0.042 0.138
19 36264479 0.036 0.125
19 36590164 0.048 0.168
19 36775786 0.094 0.264
19 38147949 0.04 0.201
19 38752395 0.097 0.306
19 39247000 0.056 0.15
19 40925033 0.04 0.129
19 43511919 0.056 0.308
19 46001040 0.077 0.176
19 46199023 0.049 0.208
19 46643084 0.046 0.274
19 47338657 0.042 0.149
19 47598622 0.028 0.201
19 49634469 0.077 0.273
19 50812854 0.079 0.214
19 51198267 0.077 0.232
19 52854151 0.034 0.19
19 53230012 0.067 0.264
19 54144310 0.057 0.26
19 54288366 0.055 0.202
19 56575445 0.065 0.273
19 56660301 0.042 0.115
19 57202509 0.048 0.344
19 59068940 0.062 0.148
20 1811504 0.029 0.259
20 2283405 0.057 0.182
20 3671567 0.071 0.149
20 6397506 0.042 0.345
20 10198220 0.073 0.172
20 10948461 0.031 0.309
20 12431721 0.038 0.229
20 13096625 0.028 0.333
20 14177005 0.043 0.161
20 17383254 0.037 0.107
20 20074097 0.063 0.165
20 20604961 0.058 0.169
20 22343278 0.048 0.285
20 22837294 0.04 0.199
20 24217523 0.075 0.214
20 24371131 0.042 0.158
20 24899010 0.056 0.115
20 26060587 0.02 0.12
20 26082378 0.059 0.115
20 26147774 0.038 0.128
20 26249160 0.016 0.111
20 29425531 0.029 0.137
20 29579116 0.031 0.172
20 30554009 0.032 0.217
20 31253360 0.024 0.192
20 32018210 0.045 0.115
20 32018500 0.048 0.187
20 33380621 0.083 0.214
20 35194911 0.047 0.343
20 35455817 0.077 0.187
20 35877728 0.091 0.286
20 37033871 0.026 0.132
20 38726221 0.041 0.167
20 43023084 0.029 0.269
20 48321238 0.045 0.187
20 48324537 0.043 0.163
20 53397852 0.077 0.302
20 54072835 0.032 0.129
20 54096682 0.027 0.174
20 56092099 0.039 0.251
20 57193800 0.043 0.143
20 57771892 0.041 0.189
20 58545480 0.032 0.198
20 59500976 0.039 0.222
20 59827755 0.078 0.283
20 60140414 0.058 0.172
20 60550660 0.077 0.249
20 61087608 0.063 0.164
20 62680559 0.052 0.25
21 9521215 0.088 0.596
21 9669305 0.037 0.131
21 10934245 0.016 0.224
21 11152526 0.015 0.116
21 15352389 0.048 0.119
21 15538549 0.071 0.318
21 15602800 0.045 0.167
21 16307790 0.043 0.4
21 16562361 0.042 0.116
21 16809542 0.065 0.174
21 18614061 0.1 0.363
21 19092549 0.091 0.273
21 21389315 0.038 0.199
21 23335114 0.036 0.144
21 23827494 0.038 0.262
21 24174248 0.032 0.251
21 29487585 0.042 0.231
21 30244366 0.026 0.355
21 31388527 0.035 0.16
21 34110090 0.039 0.32
21 36227712 0.036 0.208
21 36229327 0.03 0.226
21 36239183 0.042 0.25
21 36671077 0.05 0.25
21 37002842 0.091 0.357
21 37514752 0.1 0.232
21 37754856 0.091 0.173
21 37968973 0.036 0.302
21 38065968 0.035 0.163
21 39312944 0.1 0.158
21 40177726 0.083 0.15
21 40212226 0.067 0.174
21 41157607 0.044 0.1
21 42175468 0.038 0.176
21 43302813 0.033 0.108
21 43838024 0.083 0.167
21 44757230 0.053 0.187
21 45449313 0.034 0.201
21 45836839 0.067 0.2
21 46421948 0.056 0.143
22 16863754 0.034 0.167
22 16904314 0.044 0.11
22 17238341 0.041 0.181
22 17803703 0.092 0.187
22 18322786 0.04 0.108
22 18500069 0.036 0.149
22 18610443 0.063 0.12
22 19097776 0.032 0.129
22 20122631 0.037 0.156
22 20817643 0.032 0.286
22 21398027 0.045 0.1
22 22624786 0.032 0.108
22 23304873 0.039 0.199
22 23908918 0.043 0.105
22 23976455 0.029 0.125
22 24360374 0.053 0.217
22 24632941 0.077 0.176
22 25094615 0.063 0.133
22 25171196 0.056 0.117
22 25819426 0.063 0.122
22 27126135 0.029 0.387
22 27357863 0.053 0.174
22 27943924 0.056 0.12
22 28940892 0.061 0.143
22 29043813 0.033 0.138
22 29995743 0.048 0.1
22 30440064 0.059 0.41
22 31423707 0.091 0.157
22 31572437 0.053 0.135
22 32411453 0.054 0.106
22 32751470 0.035 0.116
22 36186972 0.036 0.143
22 37487038 0.045 0.134
22 38001357 0.04 0.324
22 39923417 0.034 0.346
22 42292020 0.047 0.152
22 45394650 0.042 0.193
22 46467852 0.083 0.228
22 46940376 0.053 0.139
22 48929058 0.053 0.148
X 470667 0.083 0.224
X 2418553 0.03 0.176
X 4594738 0.077 0.37
X 6368769 0.07 0.444
X 11725533 0.091 0.347
X 14386200 0.088 0.419
X 29811748 0.063 0.462
X 32585604 0.067 0.377
X 39304831 0.1 0.429
X 42324926 0.054 0.472
X 48074675 0.083 0.5
X 53531935 0.052 0.203
X 55760088 0.059 0.5
X 62309572 0.077 0.167
X 73978344 0.059 0.455
X 85727411 0.064 0.556
X 92317681 0.091 0.571
X 99001547 0.075 0.5
X 100833504 0.083 0.356
X 105885644 0.101 0.229
X 112481522 0.067 0.333
X 113705065 0.1 0.409
X 114704619 0.077 0.417
X 114914989 0.067 0.181
X 129086987 0.07 0.389
X 130536827 0.083 0.444
X 132467052 0.067 0.384
X 133898136 0.048 0.375
X 134442096 0.097 0.611
X 135902136 0.044 0.288
X 141249454 0.077 0.529
X 144112112 0.063 0.593
X 146228300 0.071 0.25
X 151691622 0.089 0.427
Y 3993484 0.1 0.299
Y 4316976 0.052 0.176
Y 6608577 0.1 0.188
Y 6782741 0.083 0.143
Y 7028407 0.065 0.166
Y 9026691 0.056 0.267
Y 13252614 0.056 0.12
Y 13362987 0.067 0.115
Y 13470168 0.067 0.273
Y 13506614 0.056 0.285
Y 13511885 0.061 0.167
Y 13524078 0.059 0.19
Y 13692320 0.024 0.139
Y 13866994 0.096 0.404
Y 16540122 0.059 0.383
Y 19288745 0.07 0.218
Y 19397668 0.088 0.267
Y 21450727 0.071 0.201
Y 21899695 0.077 0.237
Y 22303471 0.059 0.125
Y 23160639 0.083 0.154
Y 23831824 0.057 0.271
Y 28813586 0.075 0.294
Y 58884832 0.083 0.233
GL000207.1 3021 0.046 0.122
GL000229.1 4220 0.033 0.119
GL000235.1 28495 0.1 0.294
GL000235.1 29593 0.017 0.107
GL000247.1 255 0.085 0.285
GL000203.1 33347 0.042 0.114
GL000240.1 2269 0.063 0.247
GL000240.1 16777 0.091 0.25
GL000240.1 20963 0.079 0.186
GL000240.1 21070 0.039 0.136
GL000240.1 26586 0.065 0.249
GL000240.1 30113 0.061 0.228
GL000240.1 34973 0.077 0.231
GL000241.1 42140 0.097 0.27
GL000243.1 26003 0.043 0.101
GL000243.1 37944 0.077 0.29
GL000242.1 1076 0.063 0.177
GL000233.1 7108 0.022 0.102
GL000208.1 60349 0.055 0.107
GL000208.1 77522 0.043 0.111
GL000214.1 48168 0.009323 0.105
GL000214.1 101098 0.04 0.157
GL000221.1 105412 0.038 0.103
GL000221.1 106616 0.023 0.106
GL000218.1 27089 0.031 0.112
GL000218.1 67053 0.039 0.185
GL000218.1 70664 0.072 0.126
GL000218.1 130509 0.022 0.139
GL000218.1 150981 0.037 0.115
GL000211.1 37323 0.049 0.128
GL000211.1 43868 0.061 0.149
GL000211.1 60936 0.031 0.191
GL000211.1 68447 0.059 0.347
GL000211.1 75758 0.029 0.177
GL000211.1 103242 0.036 0.121
GL000211.1 126301 0.053 0.166
GL000211.1 130630 0.029 0.1
GL000211.1 139431 0.025 0.128
GL000211.1 156539 0.029 0.15
GL000199.1 104545 0.067 0.143
GL000199.1 139159 0.1 0.273
GL000199.1 154175 0.067 0.167
GL000199.1 158229 0.029 0.194
GL000199.1 162779 0.084 0.339
GL000217.1 4733 0.024 0.128
GL000217.1 40479 0.027 0.123
GL000217.1 40984 0.075 0.302
GL000217.1 47722 0.039 0.145
GL000217.1 68297 0.043 0.242
GL000217.1 70959 0.04 0.117
GL000217.1 75967 0.067 0.111
GL000217.1 146108 0.059 0.273
GL000216.1 16088 0.042 0.167
GL000216.1 24884 0.033 0.142
GL000216.1 25823 0.025 0.128
GL000216.1 74065 0.045 0.222
GL000216.1 76335 0.046 0.282
GL000216.1 105697 0.033 0.113
GL000216.1 133926 0.037 0.188
GL000216.1 143518 0.031 0.176
GL000216.1 143573 0.036 0.153
GL000216.1 150413 0.046 0.111
GL000215.1 62539 0.053 0.103
GL000205.1 127296 0.016 0.116
GL000205.1 127854 0.039 0.151
GL000219.1 96342 0.053 0.114
GL000224.1 11549 0.008288 0.222
GL000195.1 20690 0.059 0.223
GL000195.1 96552 0.022 0.163
GL000195.1 106282 0.03 0.16
GL000195.1 111060 0.025 0.114
GL000212.1 24890 0.031 0.113
GL000212.1 30520 0.029 0.118
GL000212.1 90643 0.034 0.132
GL000212.1 93738 0.027 0.103
GL000212.1 160880 0.041 0.1
GL000212.1 167355 0.044 0.109
GL000222.1 8398 0.1 0.457
GL000222.1 43464 0.038 0.333
GL000222.1 59495 0.06 0.191
GL000222.1 60503 0.053 0.235
GL000193.1 39019 0.011 0.136
GL000194.1 14377 0.017 0.194
GL000194.1 14409 0.036 0.209
GL000194.1 68273 0.018 0.111
GL000194.1 171067 0.021 0.111
GL000194.1 176868 0.067 0.199
GL000225.1 144766 0.036 0.13
GL000225.1 154748 0.05 0.1
GL000225.1 178689 0.041 0.117
GL000225.1 200671 0.033 0.171
