#CHROM POS IID_H134807_N01_02_WG01 IID_H134807_T02_02_WG01
1 1004546 0.059 0.25
1 1433867 0.063 0.217
1 2968161 0.056 0.187
1 2985164 0.048 0.189
1 5033962 0.043 0.285
1 5091297 0.065 0.307
1 6511842 0.045 0.144
1 8635530 0.072 0.19
1 12496298 0.044 0.217
1 13050357 0.05 0.148
1 13785035 0.053 0.15
1 14574707 0.056 0.348
1 15251162 0.05 0.35
1 16303914 0.044 0.222
1 18687510 0.048 0.133
1 20495126 0.048 0.333
1 22586329 0.039 0.16
1 26324895 0.029 0.241
1 27049648 0.044 0.23
1 27558728 0.073 0.203
1 29257812 0.063 0.187
1 31232959 0.033 0.221
1 32155011 0.054 0.19
1 33792599 0.055 0.201
1 33987050 0.056 0.202
1 35920453 0.029 0.241
1 39705327 0.057 0.461
1 40172061 0.067 0.275
1 41973366 0.033 0.448
1 43705126 0.052 0.232
1 43995291 0.045 0.168
1 47812623 0.031 0.173
1 48493804 0.046 0.371
1 50605587 0.031 0.143
1 56859814 0.043 0.279
1 59166459 0.063 0.517
1 64761370 0.065 0.263
1 68865206 0.073 0.384
1 69214928 0.037 0.286
1 69867563 0.05 0.25
1 75338810 0.048 0.375
1 76318601 0.045 0.263
1 76854859 0.047 0.304
1 78389572 0.059 0.2
1 78775214 0.048 0.323
1 79220312 0.061 0.225
1 79981925 0.05 0.359
1 81116833 0.056 0.346
1 83680364 0.048 0.341
1 85380349 0.035 0.199
1 88116418 0.031 0.29
1 88646641 0.044 0.204
1 90182421 0.04 0.36
1 92556759 0.031 0.348
1 92770481 0.052 0.25
1 94696157 0.097 0.375
1 97015638 0.056 0.25
1 98491734 0.048 0.382
1 102134075 0.056 0.23
1 104431422 0.084 0.218
1 104757928 0.084 0.466
1 105667977 0.058 0.303
1 109362567 0.067 0.176
1 112047780 0.077 0.273
1 113212970 0.1 0.235
1 118374597 0.041 0.166
1 120468184 0.049 0.479
1 120584784 0.054 0.217
1 121142790 0.045 0.143
1 121482022 0.012 0.153
1 142695665 0.071 0.127
1 143989489 0.092 0.186
1 144193358 0.1 0.25
1 144593124 0.06 0.234
1 144848973 0.038 0.128
1 144848999 0.037 0.128
1 145313210 0.043 0.171
1 145365207 0.07 0.211
1 145687426 0.053 0.323
1 146398008 0.045 0.184
1 147390089 0.048 0.125
1 148001507 0.038 0.108
1 148002009 0.021 0.14
1 148596867 0.045 0.192
1 149349718 0.023 0.127
1 150166588 0.053 0.176
1 150753706 0.048 0.119
1 151180920 0.035 0.115
1 151188510 0.05 0.144
1 151660352 0.04 0.2
1 153408098 0.039 0.159
1 154056549 0.067 0.158
1 154067530 0.045 0.36
1 154958952 0.031 0.13
1 155040165 0.045 0.2
1 156148676 0.047 0.2
1 157529092 0.063 0.298
1 157649951 0.056 0.221
1 159811328 0.059 0.214
1 163676689 0.052 0.269
1 164428968 0.042 0.137
1 167158994 0.091 0.248
1 168367973 0.041 0.13
1 169749860 0.048 0.266
1 171488706 0.1 0.2
1 174092722 0.067 0.291
1 176276563 0.097 0.155
1 177372644 0.053 0.19
1 185000682 0.067 0.458
1 185670106 0.044 0.223
1 189538117 0.063 0.293
1 190378255 0.054 0.407
1 194550639 0.054 0.333
1 194936592 0.092 0.222
1 195732235 0.038 0.377
1 197004629 0.059 0.332
1 204604933 0.036 0.37
1 208444780 0.039 0.194
1 216145485 0.047 0.4
1 216321177 0.034 0.3
1 216465209 0.067 0.387
1 217871259 0.077 0.371
1 220868859 0.049 0.214
1 222682571 0.038 0.453
1 224941937 0.049 0.407
1 228362400 0.029 0.19
1 229828032 0.05 0.44
1 230931368 0.057 0.168
1 232668647 0.041 0.437
1 233117547 0.056 0.186
1 237546819 0.056 0.183
1 237717781 0.073 0.405
1 238705048 0.076 0.3
1 240250829 0.05 0.158
1 241644735 0.042 0.272
1 242631796 0.045 0.546
1 244184092 0.05 0.196
1 246751847 0.077 0.242
1 246884579 0.04 0.153
1 247132945 0.067 0.139
2 3914174 0.033 0.394
2 5902648 0.036 0.359
2 10253315 0.045 0.33
2 14034143 0.056 0.263
2 15786045 0.05 0.238
2 17346886 0.072 0.197
2 18199980 0.071 0.262
2 19367254 0.059 0.492
2 31626545 0.043 0.217
2 35386674 0.088 0.433
2 38634565 0.039 0.394
2 42980660 0.035 0.52
2 43749982 0.07 0.5
2 45593950 0.053 0.117
2 48018937 0.071 0.203
2 51600830 0.039 0.394
2 54068594 0.056 0.228
2 55833887 0.05 0.153
2 56422011 0.071 0.181
2 60031928 0.034 0.44
2 63102151 0.045 0.125
2 65983441 0.034 0.167
2 66503719 0.071 0.31
2 67297575 0.059 0.121
2 67561591 0.1 0.298
2 78373080 0.033 0.293
2 79428222 0.058 0.504
2 83857847 0.077 0.307
2 85691278 0.058 0.264
2 86196245 0.067 0.124
2 87719633 0.1 0.276
2 88603836 0.056 0.136
2 89234124 0.033 0.157
2 90424038 0.025 0.11
2 90473414 0.036 0.115
2 95399668 0.063 0.158
2 95512493 0.054 0.142
2 95590421 0.05 0.166
2 95976260 0.05 0.166
2 96517641 0.07 0.13
2 97822206 0.053 0.222
2 98921553 0.05 0.165
2 99924675 0.058 0.222
2 99950709 0.045 0.13
2 100163114 0.052 0.125
2 100340757 0.067 0.33
2 100592321 0.071 0.203
2 101541488 0.045 0.352
2 101951395 0.056 0.158
2 102804306 0.052 0.264
2 112152525 0.073 0.209
2 114057275 0.052 0.385
2 116580997 0.083 0.305
2 116672992 0.045 0.379
2 117290894 0.052 0.5
2 118352037 0.067 0.308
2 124145136 0.052 0.259
2 124272781 0.045 0.174
2 125662646 0.085 0.28
2 126147483 0.037 0.38
2 127567265 0.059 0.15
2 129367336 0.04 0.333
2 130141365 0.053 0.263
2 131922366 0.036 0.399
2 131963086 0.036 0.127
2 135479083 0.059 0.411
2 142429228 0.043 0.364
2 142548738 0.063 0.288
2 142714783 0.038 0.28
2 144269225 0.056 0.283
2 147305707 0.037 0.373
2 151585169 0.092 0.236
2 158372894 0.075 0.333
2 160254721 0.05 0.314
2 161337892 0.061 0.208
2 162334447 0.036 0.399
2 162656064 0.057 0.393
2 163852895 0.052 0.333
2 164565142 0.043 0.375
2 171068752 0.089 0.202
2 176455611 0.084 0.383
2 183484001 0.047 0.417
2 189636259 0.052 0.341
2 190788887 0.061 0.249
2 192181890 0.077 0.336
2 193635983 0.056 0.394
2 200017939 0.03 0.338
2 202812075 0.046 0.188
2 206288634 0.045 0.399
2 209961638 0.05 0.321
2 220474493 0.061 0.16
2 220831455 0.048 0.444
2 221793312 0.053 0.344
2 226198881 0.071 0.444
2 229290707 0.03 0.276
2 237080187 0.039 0.184
2 239491698 0.033 0.318
2 241185501 0.054 0.257
2 242761683 0.083 0.429
3 625797 0.049 0.117
3 636977 0.047 0.192
3 738275 0.07 0.32
3 5683217 0.065 0.308
3 5899549 0.043 0.162
3 7714321 0.052 0.15
3 7877547 0.045 0.302
3 9488798 0.04 0.154
3 10722321 0.036 0.263
3 12842493 0.04 0.282
3 12927969 0.063 0.248
3 13627852 0.05 0.217
3 14438070 0.048 0.218
3 15730113 0.063 0.347
3 16813849 0.056 0.333
3 17815256 0.052 0.333
3 19394788 0.072 0.302
3 19414694 0.04 0.249
3 20488618 0.033 0.307
3 22060512 0.077 0.231
3 22782443 0.05 0.425
3 23469461 0.04 0.401
3 26091765 0.083 0.471
3 27713960 0.036 0.31
3 29962398 0.056 0.189
3 35241502 0.067 0.433
3 35735938 0.1 0.209
3 35864857 0.065 0.317
3 45401788 0.048 0.4
3 47609872 0.037 0.366
3 54545910 0.036 0.231
3 56536498 0.042 0.381
3 57375221 0.042 0.251
3 62432271 0.045 0.283
3 66569766 0.05 0.624
3 66669576 0.047 0.5
3 70573505 0.046 0.333
3 74643519 0.046 0.222
3 75582690 0.083 0.213
3 80257471 0.091 0.26
3 81210134 0.054 0.127
3 82026796 0.047 0.591
3 83846129 0.056 0.303
3 84564106 0.077 0.285
3 84852685 0.091 0.25
3 88854270 0.045 0.333
3 90249263 0.05 0.284
3 90485959 0.05 0.222
3 94703251 0.063 0.263
3 99229992 0.067 0.228
3 102285287 0.055 0.444
3 103495765 0.058 0.294
3 103722344 0.061 0.32
3 109139571 0.083 0.316
3 110116891 0.05 0.29
3 110464692 0.084 0.32
3 117125410 0.054 0.249
3 117927519 0.071 0.271
3 131511604 0.1 0.182
3 133531229 0.052 0.379
3 133969459 0.075 0.273
3 137148023 0.048 0.238
3 140955695 0.072 0.222
3 144822576 0.048 0.27
3 145268543 0.059 0.164
3 146901834 0.077 0.316
3 148183993 0.033 0.423
3 150999922 0.042 0.322
3 151293207 0.063 0.176
3 155261709 0.075 0.147
3 160649302 0.039 0.259
3 161609001 0.031 0.387
3 161991117 0.035 0.25
3 167627404 0.056 0.514
3 169924397 0.036 0.38
3 172630506 0.065 0.282
3 172804053 0.05 0.385
3 179808901 0.071 0.268
3 183568784 0.077 0.516
3 185672995 0.065 0.292
3 188620927 0.067 0.167
3 193182567 0.038 0.274
3 195638657 0.031 0.21
3 197011886 0.097 0.163
3 197772545 0.03 0.155
4 2538661 0.042 0.16
4 5531931 0.055 0.271
4 6897393 0.063 0.333
4 12335780 0.083 0.224
4 14955251 0.04 0.148
4 19670775 0.03 0.487
4 19750715 0.059 0.289
4 20235520 0.05 0.253
4 22596231 0.043 0.5
4 27642386 0.048 0.422
4 30014788 0.039 0.309
4 33740581 0.057 0.406
4 39038673 0.031 0.435
4 39381064 0.052 0.387
4 41535362 0.038 0.454
4 44068448 0.043 0.482
4 46972318 0.039 0.24
4 54824977 0.043 0.227
4 55675889 0.041 0.25
4 56773045 0.048 0.122
4 63044314 0.033 0.259
4 63709569 0.065 0.31
4 69138127 0.036 0.466
4 71603806 0.038 0.149
4 71974933 0.07 0.5
4 72060918 0.081 0.176
4 77763520 0.063 0.25
4 78536288 0.048 0.174
4 82621599 0.039 0.423
4 88277083 0.071 0.149
4 88484103 0.091 0.5
4 91514521 0.038 0.283
4 94943023 0.05 0.409
4 97150905 0.088 0.222
4 98900959 0.081 0.121
4 104526972 0.063 0.333
4 110388524 0.048 0.25
4 115022793 0.042 0.273
4 116826346 0.056 0.357
4 120905933 0.044 0.48
4 121837271 0.04 0.427
4 126054533 0.052 0.423
4 127291552 0.056 0.348
4 129522806 0.044 0.391
4 132457386 0.052 0.154
4 133180487 0.052 0.418
4 133552898 0.071 0.474
4 139448672 0.065 0.501
4 145731321 0.029 0.151
4 153146159 0.056 0.266
4 155306294 0.045 0.692
4 161478018 0.052 0.333
4 162359012 0.048 0.401
4 163303584 0.071 0.2
4 164495170 0.044 0.227
4 168139231 0.045 0.183
4 168278528 0.05 0.219
4 169124114 0.049 0.555
4 169622554 0.052 0.139
4 172303523 0.043 0.565
4 174222692 0.056 0.378
4 176502157 0.057 0.365
4 176562839 0.053 0.293
4 178511550 0.071 0.125
4 184488661 0.057 0.167
4 186748299 0.083 0.138
4 189641293 0.052 0.317
4 190085817 0.101 0.319
4 190616465 0.014 0.128
4 190909622 0.031 0.105
4 190929333 0.063 0.182
5 2299324 0.034 0.323
5 3132474 0.043 0.382
5 5088346 0.039 0.325
5 7120469 0.048 0.394
5 8115741 0.053 0.342
5 8679805 0.065 0.292
5 9444018 0.045 0.261
5 10039369 0.075 0.36
5 18289659 0.043 0.249
5 21156935 0.077 0.431
5 24276184 0.085 0.384
5 29242564 0.043 0.5
5 29461141 0.053 0.244
5 29957633 0.091 0.3
5 33078477 0.046 0.358
5 36240545 0.04 0.212
5 38034801 0.052 0.288
5 39074354 0.038 0.195
5 44169245 0.067 0.445
5 46054362 0.048 0.125
5 52584884 0.043 0.223
5 52661885 0.077 0.327
5 53406577 0.067 0.333
5 63824669 0.061 0.339
5 67542174 0.043 0.187
5 67713622 0.1 0.213
5 70795754 0.048 0.32
5 71099777 0.057 0.282
5 72381494 0.063 0.25
5 72929439 0.094 0.198
5 79765011 0.054 0.202
5 82038034 0.059 0.157
5 84271370 0.067 0.278
5 86050790 0.061 0.333
5 87249980 0.042 0.579
5 87366032 0.036 0.241
5 88936686 0.067 0.197
5 91403380 0.028 0.214
5 94800647 0.097 0.285
5 96286907 0.092 0.235
5 98792144 0.063 0.166
5 106005749 0.053 0.242
5 106656954 0.059 0.343
5 110799318 0.043 0.391
5 112844361 0.034 0.393
5 119532557 0.039 0.114
5 123752276 0.056 0.412
5 124482843 0.043 0.375
5 124968175 0.04 0.234
5 125595434 0.062 0.232
5 126132501 0.04 0.133
5 126913585 0.063 0.3
5 127183390 0.04 0.211
5 127201317 0.045 0.409
5 128286093 0.059 0.308
5 129749137 0.048 0.251
5 134092789 0.039 0.303
5 136773804 0.045 0.321
5 148977889 0.078 0.35
5 149397407 0.077 0.172
5 150056191 0.039 0.19
5 152358524 0.036 0.389
5 159029946 0.035 0.159
5 161358989 0.085 0.394
5 161435330 0.05 0.296
5 162335960 0.048 0.375
5 164367577 0.045 0.273
5 166546786 0.05 0.385
5 166637496 0.067 0.166
5 166688397 0.053 0.321
5 166958482 0.054 0.286
5 169152300 0.063 0.522
5 171875076 0.035 0.252
5 172901474 0.049 0.129
5 175514973 0.063 0.466
5 179076812 0.051 0.25
5 179587264 0.045 0.222
5 179812431 0.091 0.214
5 180701711 0.065 0.2
6 7713364 0.031 0.354
6 17322804 0.044 0.207
6 17994773 0.032 0.382
6 20514912 0.077 0.214
6 21554217 0.064 0.251
6 24716072 0.091 0.295
6 26178150 0.029 0.312
6 28332040 0.045 0.241
6 29280048 0.058 0.167
6 30085197 0.033 0.452
6 37478277 0.033 0.201
6 50989804 0.043 0.391
6 52154292 0.067 0.144
6 52847791 0.058 0.479
6 55839563 0.065 0.143
6 56909735 0.07 0.154
6 58412701 0.083 0.252
6 58648694 0.023 0.148
6 61954956 0.081 0.297
6 63682043 0.038 0.267
6 66419937 0.067 0.143
6 66716406 0.1 0.248
6 67883523 0.065 0.258
6 68440202 0.081 0.48
6 69678104 0.059 0.332
6 69890910 0.032 0.256
6 73001894 0.038 0.359
6 75055958 0.078 0.333
6 78274539 0.035 0.333
6 81344500 0.061 0.208
6 84168556 0.07 0.514
6 84309761 0.041 0.207
6 84606786 0.052 0.215
6 85763175 0.037 0.44
6 86592472 0.049 0.24
6 87539733 0.044 0.69
6 88468214 0.091 0.231
6 88782071 0.053 0.336
6 90006827 0.052 0.348
6 91172141 0.044 0.7
6 91445971 0.048 0.407
6 93205285 0.041 0.431
6 98439260 0.052 0.222
6 98550878 0.061 0.261
6 101546906 0.071 0.257
6 101632220 0.058 0.407
6 103618376 0.057 0.252
6 104492966 0.038 0.322
6 109793321 0.052 0.208
6 116008057 0.097 0.348
6 117662247 0.063 0.389
6 120885267 0.059 0.129
6 122283214 0.048 0.278
6 123702630 0.102 0.21
6 130217680 0.045 0.235
6 130222887 0.047 0.52
6 132230987 0.063 0.282
6 135426490 0.06 0.291
6 138007848 0.05 0.318
6 138987725 0.056 0.221
6 140921366 0.05 0.421
6 143026479 0.039 0.237
6 145271672 0.045 0.121
6 145483835 0.056 0.333
6 148900483 0.071 0.3
6 150501565 0.036 0.396
6 151496343 0.031 0.32
6 151718591 0.067 0.437
6 153780960 0.039 0.236
6 156376251 0.071 0.224
6 158722685 0.045 0.159
6 160257727 0.05 0.258
6 164844754 0.07 0.344
6 165560004 0.036 0.414
6 168121514 0.036 0.375
7 4147758 0.05 0.321
7 9476942 0.04 0.223
7 9510270 0.034 0.332
7 9699823 0.053 0.287
7 11578066 0.067 0.542
7 12932622 0.097 0.235
7 16147871 0.1 0.261
7 19149930 0.056 0.367
7 22380369 0.029 0.371
7 25997726 0.061 0.501
7 32778073 0.071 0.12
7 33043816 0.046 0.252
7 34950604 0.063 0.136
7 35197239 0.05 0.363
7 36288670 0.051 0.22
7 37676321 0.037 0.151
7 39188829 0.048 0.408
7 39591609 0.038 0.375
7 40292751 0.048 0.269
7 41087435 0.039 0.459
7 43275011 0.048 0.226
7 43732437 0.063 0.201
7 45197258 0.053 0.187
7 49828820 0.059 0.176
7 50014513 0.064 0.412
7 51474130 0.077 0.115
7 51605816 0.083 0.167
7 52089808 0.053 0.52
7 53220983 0.049 0.137
7 53863178 0.056 0.36
7 56510244 0.046 0.332
7 56784622 0.05 0.196
7 56843569 0.056 0.317
7 56964391 0.043 0.293
7 57573370 0.061 0.238
7 57625524 0.067 0.194
7 61085238 0.042 0.105
7 61762247 0.081 0.12
7 61780264 0.05 0.148
7 61844682 0.054 0.125
7 64564517 0.063 0.181
7 64974643 0.067 0.338
7 66202994 0.042 0.176
7 66920548 0.056 0.145
7 68453211 0.053 0.424
7 68960555 0.041 0.353
7 68968289 0.091 0.231
7 69124635 0.06 0.158
7 71349482 0.03 0.238
7 71524021 0.071 0.374
7 72171145 0.036 0.28
7 73149859 0.033 0.259
7 73250442 0.022 0.164
7 74041548 0.045 0.478
7 76649659 0.083 0.19
7 78881456 0.049 0.269
7 80021608 0.067 0.228
7 80339353 0.051 0.142
7 84468733 0.048 0.306
7 85736110 0.041 0.5
7 90689095 0.059 0.5
7 95080955 0.083 0.316
7 95408723 0.041 0.302
7 96204889 0.058 0.37
7 103458905 0.065 0.299
7 104695751 0.032 0.179
7 105760585 0.05 0.174
7 105810299 0.061 0.149
7 107116624 0.077 0.358
7 114184368 0.072 0.227
7 115692841 0.083 0.637
7 117162394 0.05 0.375
7 118777723 0.083 0.238
7 123030481 0.054 0.363
7 123588992 0.091 0.278
7 126738200 0.091 0.29
7 127836295 0.068 0.154
7 129078580 0.07 0.411
7 129433214 0.045 0.304
7 138591440 0.039 0.183
7 140408564 0.1 0.164
7 140675301 0.048 0.201
7 141838087 0.032 0.31
7 142164957 0.05 0.133
7 142171659 0.042 0.109
7 145658200 0.05 0.373
7 149130449 0.045 0.161
7 151446929 0.039 0.182
7 151757911 0.043 0.241
7 151779387 0.044 0.215
7 152079599 0.028 0.106
7 152529659 0.047 0.182
7 152645315 0.043 0.126
7 154207910 0.061 0.163
7 155137674 0.042 0.167
7 155166309 0.046 0.217
7 155670815 0.075 0.231
7 156326452 0.04 0.21
7 158452083 0.059 0.16
8 1025512 0.05 0.345
8 2678095 0.092 0.248
8 8262704 0.056 0.214
8 10273245 0.047 0.252
8 14187253 0.052 0.285
8 14541617 0.083 0.428
8 15129368 0.056 0.429
8 16597941 0.04 0.387
8 22042817 0.05 0.263
8 24382228 0.045 0.55
8 27331248 0.058 0.208
8 27362693 0.043 0.25
8 33264122 0.04 0.295
8 53390499 0.077 0.333
8 55495487 0.054 0.286
8 55814661 0.067 0.407
8 68462091 0.052 0.556
8 69194717 0.04 0.458
8 69788333 0.044 0.148
8 70168550 0.07 0.353
8 76945103 0.056 0.3
8 78156207 0.062 0.249
8 88238763 0.077 0.473
8 89462305 0.077 0.241
8 90139285 0.047 0.437
8 90527451 0.091 0.294
8 93254922 0.037 0.222
8 93348981 0.034 0.32
8 104720871 0.071 0.312
8 107577704 0.055 0.374
8 107890550 0.048 0.25
8 110499441 0.065 0.305
8 112011056 0.034 0.133
8 114080991 0.067 0.231
8 114794049 0.049 0.166
8 116134542 0.05 0.427
8 118536575 0.05 0.481
8 119520489 0.091 0.182
8 120523932 0.06 0.202
8 121503466 0.067 0.5
8 121900552 0.064 0.181
8 122853002 0.059 0.282
8 123153995 0.044 0.4
8 123459849 0.043 0.435
8 128254928 0.071 0.133
8 131598770 0.047 0.434
8 131871139 0.067 0.387
8 135547871 0.053 0.367
8 135717710 0.053 0.179
8 138052933 0.038 0.468
9 11957580 0.059 0.28
9 22517666 0.048 0.344
9 23393085 0.063 0.521
9 25638624 0.05 0.385
9 25958100 0.067 0.5
9 29744165 0.091 0.118
9 29930636 0.068 0.381
9 32927840 0.047 0.208
9 33428421 0.096 0.186
9 33443054 0.061 0.225
9 34395053 0.05 0.203
9 34547306 0.038 0.109
9 35824004 0.059 0.216
9 36166109 0.067 0.167
9 36371459 0.049 0.158
9 36966691 0.039 0.136
9 44068993 0.091 0.417
9 66462605 0.021 0.257
9 66676773 0.083 0.248
9 66979130 0.1 0.5
9 68471138 0.061 0.182
9 69075608 0.067 0.2
9 70064945 0.097 0.25
9 70939395 0.1 0.8
9 71712408 0.091 0.2
9 75464835 0.059 0.353
9 78470713 0.046 0.42
9 79918803 0.044 0.105
9 80082970 0.046 0.144
9 81016578 0.053 0.234
9 81655416 0.072 0.316
9 87039438 0.061 0.466
9 90352889 0.053 0.285
9 93943374 0.036 0.429
9 95462657 0.063 0.208
9 97880545 0.048 0.249
9 98412351 0.05 0.3
9 99220679 0.033 0.291
9 99915153 0.071 0.277
9 102921203 0.049 0.242
9 103630585 0.036 0.384
9 106485869 0.091 0.235
9 107740904 0.05 0.203
9 111882282 0.052 0.148
9 115444369 0.088 0.157
9 116587762 0.047 0.286
9 118241072 0.053 0.263
9 122371204 0.063 0.36
9 125082237 0.045 0.282
9 126063239 0.039 0.411
9 127153991 0.067 0.482
9 131068144 0.043 0.202
9 136956131 0.036 0.389
9 138196910 0.075 0.301
9 139992897 0.061 0.281
10 1694053 0.046 0.15
10 1851262 0.037 0.249
10 6231567 0.04 0.199
10 8706161 0.053 0.37
10 12300715 0.059 0.2
10 14846472 0.052 0.209
10 16489120 0.081 0.167
10 17222517 0.048 0.189
10 19737064 0.054 0.496
10 23301800 0.054 0.254
10 27418078 0.091 0.333
10 30188544 0.048 0.391
10 31239899 0.091 0.231
10 32003556 0.061 0.253
10 32014049 0.057 0.311
10 32338170 0.042 0.318
10 32934418 0.067 0.2
10 33916586 0.049 0.167
10 36693793 0.053 0.135
10 37699353 0.082 0.167
10 38471138 0.05 0.115
10 39060220 0.077 0.124
10 42362037 0.041 0.139
10 42658485 0.048 0.166
10 42815615 0.067 0.233
10 46076039 0.056 0.231
10 49960137 0.036 0.333
10 53917522 0.077 0.263
10 55556164 0.048 0.241
10 57819958 0.039 0.407
10 59427633 0.057 0.339
10 67445754 0.063 0.188
10 70436294 0.059 0.478
10 71389788 0.056 0.187
10 71779956 0.05 0.409
10 72738020 0.039 0.291
10 73143444 0.033 0.2
10 75887508 0.053 0.149
10 81573179 0.063 0.142
10 83195320 0.045 0.433
10 84226692 0.053 0.216
10 87449354 0.067 0.377
10 98925705 0.037 0.3
10 98955127 0.043 0.222
10 105344533 0.091 0.269
10 106564402 0.04 0.258
10 110791539 0.091 0.222
10 111167896 0.039 0.342
10 112074715 0.045 0.225
10 112371161 0.051 0.355
10 113454900 0.044 0.354
10 117376549 0.041 0.323
10 117455931 0.039 0.241
10 120081202 0.071 0.175
10 129638766 0.035 0.306
10 130423423 0.03 0.334
10 134803538 0.053 0.171
10 134997710 0.037 0.167
10 135412935 0.047 0.231
11 1744796 0.05 0.417
11 2016230 0.091 0.187
11 2331163 0.035 0.209
11 4985412 0.071 0.267
11 5837316 0.081 0.476
11 9751350 0.038 0.3
11 15427636 0.048 0.249
11 20609067 0.044 0.478
11 22491673 0.033 0.293
11 26100560 0.083 0.333
11 29483727 0.079 0.467
11 34294302 0.077 0.306
11 48665576 0.05 0.37
11 49432223 0.057 0.298
11 55956679 0.045 0.349
11 57172299 0.05 0.248
11 57389132 0.034 0.306
11 62925341 0.081 0.216
11 64077739 0.047 0.198
11 67402136 0.038 0.299
11 68061855 0.042 0.129
11 70974769 0.038 0.424
11 74238874 0.088 0.5
11 76005466 0.045 0.231
11 78400692 0.05 0.308
11 79665962 0.046 0.312
11 79790003 0.039 0.412
11 79820091 0.038 0.322
11 80545644 0.053 0.2
11 80613399 0.04 0.322
11 83303223 0.038 0.192
11 85443639 0.063 0.2
11 88380960 0.052 0.301
11 89017407 0.075 0.335
11 89062593 0.053 0.148
11 90709025 0.033 0.191
11 90848472 0.063 0.295
11 91385117 0.053 0.356
11 92747775 0.041 0.437
11 93209050 0.042 0.239
11 94119118 0.053 0.455
11 96846622 0.063 0.3
11 97996817 0.039 0.217
11 99506264 0.063 0.565
11 103598072 0.047 0.404
11 103628384 0.053 0.3
11 105327654 0.048 0.468
11 109523455 0.059 0.301
11 114247168 0.047 0.406
11 118328497 0.052 0.25
11 118632981 0.056 0.219
11 132598225 0.042 0.334
12 684567 0.042 0.149
12 1026996 0.037 0.146
12 4736871 0.042 0.407
12 6946519 0.039 0.48
12 8388500 0.057 0.167
12 9555254 0.066 0.348
12 15500257 0.07 0.368
12 20928608 0.091 0.259
12 22726094 0.034 0.277
12 23340046 0.048 0.323
12 26970794 0.058 0.181
12 28515213 0.074 0.36
12 29132489 0.046 0.452
12 34088447 0.071 0.353
12 34414800 0.045 0.134
12 34585584 0.043 0.44
12 38581015 0.057 0.125
12 39300125 0.056 0.175
12 39785612 0.05 0.238
12 45018135 0.038 0.537
12 47610633 0.061 0.348
12 49110203 0.035 0.167
12 49963438 0.048 0.402
12 53514794 0.039 0.225
12 58105213 0.077 0.3
12 60381211 0.067 0.347
12 61335829 0.038 0.385
12 61696975 0.057 0.32
12 62517620 0.054 0.355
12 64765545 0.037 0.166
12 65045448 0.039 0.135
12 68003619 0.04 0.292
12 68962201 0.038 0.187
12 71481149 0.048 0.541
12 74263230 0.05 0.337
12 77674644 0.038 0.538
12 79498724 0.067 0.286
12 79898460 0.042 0.287
12 81335938 0.049 0.557
12 82567207 0.056 0.275
12 84586596 0.033 0.381
12 87204315 0.083 0.367
12 87421313 0.056 0.276
12 88444947 0.048 0.19
12 92125824 0.075 0.32
12 92520965 0.05 0.178
12 106181635 0.048 0.391
12 106339319 0.039 0.359
12 113926886 0.09 0.239
12 114248622 0.091 0.159
12 118200846 0.05 0.167
12 128061570 0.045 0.178
12 129239820 0.063 0.238
12 129506078 0.038 0.309
12 130741255 0.071 0.375
12 131249403 0.029 0.324
13 19367571 0.045 0.37
13 23101646 0.063 0.417
13 24511018 0.067 0.2
13 28930196 0.048 0.145
13 33401460 0.034 0.432
13 34533854 0.04 0.5
13 37830575 0.043 0.472
13 38328316 0.043 0.285
13 40656662 0.027 0.208
13 44361108 0.055 0.209
13 50474438 0.056 0.195
13 54347287 0.044 0.5
13 56645113 0.041 0.333
13 56658268 0.077 0.24
13 57318487 0.045 0.201
13 58115129 0.097 0.129
13 58229069 0.056 0.296
13 62307248 0.071 0.454
13 62681143 0.037 0.378
13 63232330 0.039 0.314
13 66483989 0.053 0.174
13 70034701 0.083 0.176
13 75828852 0.048 0.385
13 85718294 0.049 0.333
13 86665068 0.042 0.36
13 92068903 0.071 0.275
13 101092475 0.083 0.333
13 101588663 0.068 0.173
13 111704286 0.029 0.538
13 112146346 0.067 0.248
13 114223408 0.053 0.407
14 19190113 0.052 0.403
14 25243766 0.057 0.191
14 32545915 0.064 0.255
14 32651739 0.081 0.488
14 34028090 0.064 0.143
14 38196521 0.081 0.248
14 40222052 0.083 0.417
14 42334141 0.059 0.269
14 42618002 0.077 0.293
14 43053397 0.091 0.249
14 44688326 0.083 0.206
14 48155977 0.092 0.461
14 50602528 0.048 0.416
14 50815017 0.038 0.451
14 52257221 0.027 0.389
14 54497599 0.056 0.416
14 54822634 0.081 0.349
14 62784819 0.067 0.423
14 63688212 0.043 0.333
14 70553208 0.042 0.148
14 74310884 0.091 0.248
14 75450397 0.048 0.179
14 77374886 0.07 0.316
14 77678827 0.05 0.258
14 78769763 0.043 0.411
14 79313137 0.042 0.359
14 82897924 0.043 0.419
14 87086368 0.056 0.192
14 88997229 0.059 0.333
14 90528687 0.039 0.261
14 98754358 0.031 0.521
14 102687230 0.041 0.281
14 106429499 0.077 0.568
15 20025519 0.077 0.107
15 20039885 0.059 0.138
15 22409954 0.036 0.29
15 23356704 0.053 0.182
15 24035906 0.043 0.383
15 24272659 0.047 0.402
15 25928070 0.042 0.316
15 26901304 0.05 0.304
15 27104124 0.039 0.208
15 27416744 0.072 0.455
15 27633454 0.072 0.2
15 28009157 0.036 0.224
15 29833565 0.048 0.276
15 30241749 0.077 0.333
15 31108099 0.046 0.368
15 36430079 0.063 0.23
15 38979990 0.039 0.392
15 40965971 0.1 0.19
15 44373769 0.071 0.187
15 44824190 0.045 0.186
15 46476506 0.053 0.25
15 46504711 0.059 0.305
15 55790850 0.088 0.249
15 55816416 0.033 0.333
15 56879499 0.045 0.351
15 59414470 0.074 0.297
15 62714485 0.083 0.331
15 64065662 0.1 0.272
15 69122250 0.048 0.333
15 70071956 0.067 0.664
15 71803354 0.045 0.38
15 73064594 0.05 0.345
15 74025579 0.049 0.249
15 75221322 0.046 0.231
15 77252369 0.056 0.296
15 79403371 0.043 0.279
15 79915104 0.033 0.272
15 84659346 0.042 0.284
15 86490707 0.056 0.383
15 91786741 0.039 0.242
15 94725608 0.05 0.187
15 97188207 0.044 0.344
15 100475071 0.048 0.24
15 100695162 0.04 0.154
16 4977971 0.037 0.242
16 5703029 0.063 0.2
16 6611834 0.061 0.143
16 7932661 0.056 0.416
16 9069297 0.059 0.187
16 9158098 0.056 0.376
16 13488924 0.043 0.282
16 13773102 0.058 0.408
16 14155473 0.053 0.222
16 15595810 0.028 0.304
16 16623637 0.054 0.159
16 19908212 0.049 0.15
16 20161802 0.05 0.428
16 21661113 0.055 0.167
16 22171894 0.037 0.357
16 23381681 0.044 0.462
16 24259676 0.077 0.2
16 27577411 0.043 0.265
16 27779402 0.045 0.184
16 30041948 0.097 0.269
16 30888496 0.055 0.158
16 30945401 0.056 0.25
16 32078330 0.083 0.222
16 32321065 0.063 0.273
16 32898723 0.032 0.197
16 33028750 0.035 0.171
16 33512571 0.046 0.142
16 33555567 0.038 0.107
16 33596186 0.031 0.269
16 33926593 0.046 0.143
16 34173826 0.083 0.462
16 34584613 0.03 0.447
16 46454100 0.053 0.129
16 46461354 0.025 0.115
16 48945712 0.049 0.2
16 52557546 0.049 0.199
16 52580296 0.05 0.13
16 53538170 0.039 0.125
16 53656800 0.05 0.136
16 57344990 0.075 0.273
16 58986533 0.04 0.315
16 59875079 0.075 0.34
16 60954470 0.033 0.136
16 62417786 0.048 0.52
16 62431782 0.044 0.401
16 62510015 0.053 0.412
16 63404741 0.059 0.379
16 63858845 0.048 0.412
16 64571459 0.041 0.414
16 64665862 0.077 0.5
16 66509983 0.037 0.134
16 70856526 0.053 0.354
16 75049930 0.03 0.139
16 75823737 0.038 0.251
16 77142118 0.029 0.339
16 78887745 0.045 0.336
16 87139773 0.058 0.276
16 90240505 0.061 0.4
17 1516719 0.048 0.251
17 2845066 0.038 0.167
17 3432317 0.04 0.199
17 4683961 0.037 0.224
17 6132147 0.037 0.361
17 7095996 0.048 0.24
17 7537323 0.09 0.197
17 7769520 0.034 0.2
17 9246373 0.053 0.273
17 14280742 0.047 0.335
17 14443428 0.042 0.322
17 14937221 0.083 0.298
17 15358381 0.05 0.188
17 16088295 0.1 0.13
17 17427147 0.043 0.229
17 17865303 0.054 0.3
17 17975975 0.038 0.176
17 18822155 0.043 0.181
17 20229134 0.053 0.168
17 20504960 0.054 0.187
17 25294957 0.024 0.131
17 27352985 0.034 0.547
17 27692250 0.032 0.13
17 34159605 0.049 0.136
17 37464621 0.039 0.292
17 38002777 0.1 0.266
17 40695002 0.03 0.295
17 44104296 0.031 0.286
17 44157721 0.083 0.231
17 46274670 0.065 0.2
17 48124479 0.029 0.176
17 49654420 0.1 0.25
17 51128712 0.054 0.439
17 58343885 0.046 0.345
17 59303415 0.029 0.294
17 65693250 0.047 0.149
17 76165334 0.033 0.381
17 76533543 0.037 0.223
17 77103650 0.04 0.148
17 78071344 0.036 0.359
17 78960486 0.059 0.334
17 79989639 0.048 0.273
18 2860089 0.041 0.385
18 5064850 0.083 0.214
18 5844662 0.1 0.214
18 5889171 0.043 0.2
18 9429055 0.063 0.251
18 14174841 0.021 0.199
18 14655892 0.067 0.208
18 15376530 0.071 0.308
18 19577398 0.05 0.24
18 20933096 0.065 0.375
18 22164619 0.035 0.3
18 23194493 0.06 0.468
18 27013339 0.049 0.179
18 31128104 0.077 0.236
18 31846047 0.063 0.444
18 34973907 0.06 0.172
18 37743405 0.059 0.313
18 37962813 0.05 0.401
18 45594599 0.089 0.248
18 47395248 0.044 0.503
18 49760573 0.045 0.308
18 50784330 0.054 0.237
18 54503179 0.048 0.375
18 57979043 0.075 0.437
18 64433082 0.04 0.294
18 64513235 0.06 0.252
18 69705083 0.056 0.381
18 73195314 0.032 0.333
18 73621427 0.091 0.273
18 75448241 0.045 0.294
18 76265744 0.052 0.25
18 76287534 0.1 0.14
18 77174283 0.04 0.363
18 77226029 0.039 0.138
18 77743028 0.058 0.269
19 504286 0.1 0.273
19 1074472 0.041 0.131
19 1789345 0.059 0.231
19 3257476 0.048 0.186
19 3473496 0.056 0.25
19 4031326 0.034 0.249
19 4458902 0.059 0.158
19 4647599 0.091 0.334
19 7598953 0.067 0.188
19 7758974 0.052 0.166
19 7927445 0.042 0.248
19 7940563 0.05 0.217
19 12974026 0.088 0.214
19 14150481 0.049 0.155
19 15064873 0.056 0.208
19 15574746 0.045 0.25
19 15639928 0.056 0.231
19 17285918 0.04 0.357
19 17368146 0.067 0.382
19 21334554 0.047 0.214
19 22784420 0.042 0.294
19 23786849 0.054 0.18
19 27821086 0.039 0.153
19 31499258 0.05 0.375
19 36211590 0.071 0.25
19 36234348 0.046 0.167
19 36584151 0.037 0.229
19 36614193 0.049 0.234
19 37807674 0.041 0.125
19 39898272 0.065 0.257
19 40089181 0.05 0.475
19 40512456 0.046 0.371
19 41622635 0.045 0.339
19 42884081 0.036 0.214
19 44877509 0.1 0.304
19 45142157 0.077 0.176
19 46948641 0.037 0.185
19 48837874 0.037 0.176
19 49127419 0.027 0.199
19 50211296 0.048 0.221
19 51172197 0.093 0.313
19 52192719 0.035 0.35
19 54948843 0.052 0.236
19 58287054 0.048 0.176
20 7294864 0.077 0.146
20 8378406 0.071 0.278
20 11097106 0.036 0.429
20 11503541 0.042 0.182
20 11609751 0.048 0.333
20 11814901 0.032 0.285
20 12776969 0.063 0.384
20 16062031 0.04 0.406
20 19075198 0.04 0.333
20 19955516 0.043 0.35
20 21187424 0.05 0.13
20 21679973 0.056 0.13
20 22508649 0.063 0.334
20 23555984 0.042 0.1
20 23842224 0.05 0.13
20 24678590 0.04 0.23
20 25845943 0.065 0.115
20 25917686 0.039 0.131
20 25929710 0.043 0.164
20 25936378 0.063 0.122
20 26084295 0.03 0.102
20 26091871 0.036 0.222
20 26239588 0.043 0.235
20 29434868 0.04 0.13
20 29462592 0.023 0.106
20 29472104 0.038 0.256
20 30912719 0.063 0.157
20 31300805 0.039 0.127
20 37227085 0.033 0.712
20 44856101 0.071 0.361
20 45984560 0.061 0.426
20 47737659 0.063 0.174
20 47923965 0.05 0.186
20 48834156 0.045 0.147
20 50666369 0.05 0.19
20 53235741 0.1 0.2
20 53577714 0.077 0.389
20 57134943 0.061 0.375
20 58069418 0.031 0.24
20 59803405 0.04 0.465
20 59807067 0.05 0.142
20 60080705 0.056 0.157
20 61737011 0.063 0.167
21 10457554 0.02 0.151
21 10894920 0.067 0.15
21 11017227 0.077 0.15
21 20227993 0.07 0.304
21 20779249 0.1 0.248
21 22950264 0.038 0.364
21 24446440 0.042 0.443
21 28385220 0.04 0.333
21 35252650 0.063 0.241
21 36125772 0.077 0.297
21 45074056 0.037 0.348
21 45528190 0.034 0.234
21 45974379 0.037 0.367
22 16357644 0.043 0.177
22 16869626 0.053 0.176
22 16881493 0.07 0.159
22 16951180 0.048 0.132
22 17065584 0.093 0.167
22 17829086 0.045 0.433
22 18618679 0.065 0.188
22 18774936 0.047 0.237
22 18925521 0.047 0.177
22 20118953 0.048 0.28
22 22404443 0.067 0.204
22 22729920 0.034 0.157
22 23400891 0.038 0.111
22 23953476 0.054 0.316
22 25371303 0.037 0.15
22 25988770 0.05 0.183
22 25988788 0.049 0.186
22 26167866 0.028 0.107
22 28320312 0.061 0.13
22 28714122 0.027 0.122
22 29503275 0.05 0.158
22 31252063 0.033 0.136
22 31312763 0.04 0.32
22 32271648 0.065 0.176
22 34328163 0.058 0.253
22 36542082 0.057 0.222
22 37006343 0.056 0.222
22 37524832 0.037 0.182
22 42579450 0.037 0.222
22 43893809 0.078 0.334
22 47482575 0.043 0.464
22 49714478 0.05 0.269
22 51042071 0.048 0.217
X 686035 0.1 0.457
X 936983 0.056 0.138
X 3072530 0.036 0.346
X 3542276 0.061 0.4
X 4040651 0.067 0.259
X 4696047 0.096 0.182
X 9084147 0.076 0.199
X 9175157 0.047 0.241
X 9653066 0.033 0.212
X 12275297 0.053 0.227
X 16795729 0.045 0.253
X 17258387 0.033 0.381
X 18394870 0.036 0.3
X 20705298 0.059 0.287
X 21676727 0.035 0.347
X 25223609 0.045 0.504
X 25741633 0.042 0.201
X 25767622 0.039 0.438
X 25928085 0.039 0.25
X 26622907 0.043 0.483
X 27092745 0.056 0.299
X 27102710 0.053 0.434
X 27771353 0.07 0.241
X 28085250 0.043 0.379
X 29763450 0.055 0.226
X 31218406 0.071 0.391
X 34915638 0.067 0.23
X 35851566 0.07 0.2
X 35978546 0.1 0.273
X 42204637 0.077 0.129
X 48305933 0.045 0.129
X 50971331 0.068 0.5
X 51284080 0.059 0.262
X 53239652 0.037 0.482
X 53531866 0.056 0.153
X 53829112 0.056 0.2
X 54468169 0.047 0.334
X 62742764 0.042 0.152
X 64959016 0.029 0.5
X 68355855 0.032 0.194
X 74289516 0.037 0.237
X 75925303 0.092 0.452
X 76742381 0.1 0.307
X 77453077 0.083 0.167
X 78019225 0.034 0.273
X 78078033 0.045 0.321
X 78749098 0.071 0.307
X 79031118 0.056 0.318
X 80071265 0.046 0.349
X 80128773 0.056 0.171
X 82176811 0.045 0.318
X 83103830 0.091 0.405
X 86058729 0.056 0.293
X 86398883 0.055 0.262
X 88924188 0.097 0.522
X 90025928 0.056 0.352
X 90879798 0.05 0.263
X 91115387 0.071 0.389
X 91364084 0.04 0.35
X 92259565 0.046 0.52
X 92590962 0.052 0.384
X 94543049 0.071 0.285
X 96758490 0.044 0.294
X 97673698 0.05 0.282
X 98109004 0.035 0.35
X 98610473 0.033 0.308
X 101027175 0.059 0.409
X 103962463 0.067 0.292
X 105095174 0.056 0.382
X 109933786 0.059 0.19
X 112930904 0.048 0.148
X 113424406 0.056 0.28
X 113580735 0.051 0.382
X 114367776 0.07 0.211
X 114983090 0.021 0.123
X 120670480 0.028 0.391
X 122296148 0.101 0.357
X 123805992 0.045 0.453
X 124135756 0.07 0.21
X 124419845 0.056 0.261
X 124526509 0.033 0.346
X 125157842 0.055 0.443
X 126953081 0.067 0.332
X 129815775 0.043 0.363
X 130710136 0.061 0.356
X 134392104 0.075 0.166
X 135408883 0.048 0.157
X 136919445 0.052 0.304
X 137122570 0.073 0.403
X 137734153 0.053 0.172
X 138772647 0.045 0.45
X 139397601 0.055 0.432
X 139573688 0.056 0.296
X 139966179 0.057 0.283
X 143163161 0.056 0.23
X 143345882 0.063 0.435
X 143371281 0.059 0.482
X 144372455 0.067 0.182
X 144942281 0.048 0.186
X 145014274 0.047 0.539
X 145129175 0.057 0.163
X 145880118 0.052 0.333
X 146009509 0.063 0.217
X 146298184 0.049 0.19
X 148263872 0.1 0.399
X 148263883 0.091 0.331
X 148708825 0.051 0.208
X 150166119 0.056 0.428
X 150580388 0.028 0.203
X 151084167 0.091 0.832
X 154059869 0.047 0.2
Y 9924426 0.071 0.263
Y 10012544 0.045 0.135
Y 10014516 0.024 0.104
Y 10075072 0.1 0.417
Y 13430736 0.063 0.178
Y 13483981 0.057 0.16
Y 13487414 0.051 0.167
MT 3255 0.0005994 0.148
GL000231.1 9523 0.041 0.131
GL000239.1 33555 0.058 0.115
GL000235.1 27474 0.091 0.191
GL000235.1 28537 0.065 0.441
GL000247.1 4384 0.038 0.114
GL000247.1 4762 0.061 0.312
GL000247.1 14887 0.071 0.231
GL000247.1 14935 0.059 0.216
GL000247.1 34216 0.061 0.11
GL000245.1 19652 0.059 0.121
GL000203.1 30010 0.061 0.125
GL000203.1 35540 0.054 0.11
GL000240.1 21062 0.038 0.13
GL000240.1 23202 0.05 0.159
GL000240.1 23237 0.049 0.176
GL000240.1 24159 0.021 0.106
GL000240.1 25438 0.032 0.103
GL000240.1 28770 0.043 0.21
GL000240.1 31034 0.061 0.333
GL000240.1 33016 0.061 0.167
GL000236.1 10060 0.1 0.174
GL000241.1 10756 0.014 0.122
GL000243.1 22888 0.083 0.166
GL000230.1 20648 0.03 0.118
GL000198.1 68007 0.023 0.131
GL000208.1 31643 0.059 0.2
GL000208.1 37271 0.056 0.207
GL000208.1 67469 0.1 0.207
GL000208.1 78148 0.081 0.246
GL000208.1 80328 0.063 0.3
GL000208.1 86869 0.061 0.535
GL000228.1 47039 0.085 0.312
GL000228.1 59326 0.067 0.214
GL000214.1 41758 0.016 0.102
GL000214.1 69778 0.019 0.104
GL000214.1 115599 0.027 0.125
GL000221.1 20258 0.044 0.75
GL000221.1 57363 0.03 0.131
GL000221.1 57475 0.037 0.118
GL000221.1 73550 0.081 0.207
GL000221.1 83173 0.056 0.15
GL000218.1 2782 0.031 0.2
GL000218.1 21242 0.021 0.105
GL000218.1 31420 0.043 0.137
GL000218.1 60667 0.035 0.122
GL000218.1 102177 0.031 0.172
GL000218.1 119836 0.023 0.114
GL000218.1 131747 0.031 0.114
GL000218.1 131932 0.077 0.12
GL000218.1 143979 0.059 0.139
GL000218.1 143988 0.05 0.139
GL000211.1 44136 0.034 0.124
GL000211.1 61590 0.03 0.143
GL000211.1 91602 0.1 0.213
GL000211.1 101113 0.038 0.118
GL000211.1 101629 0.032 0.203
GL000211.1 105713 0.049 0.124
GL000211.1 140404 0.061 0.142
GL000211.1 147802 0.083 0.238
GL000211.1 147826 0.07 0.143
GL000211.1 149047 0.083 0.106
GL000211.1 150924 0.077 0.137
GL000211.1 150956 0.083 0.125
GL000211.1 157439 0.05 0.154
GL000211.1 158598 0.03 0.166
GL000211.1 162475 0.059 0.191
GL000199.1 93415 0.027 0.187
GL000199.1 94337 0.069 0.6
GL000199.1 99279 0.1 0.288
GL000199.1 120114 0.088 0.25
GL000199.1 142220 0.1 0.208
GL000217.1 3277 0.1 0.307
GL000217.1 5841 0.059 0.189
GL000217.1 7951 0.085 0.233
GL000217.1 8733 0.077 0.221
GL000217.1 23258 0.091 0.356
GL000217.1 23271 0.07 0.361
GL000217.1 23323 0.077 0.364
GL000217.1 24914 0.067 0.284
GL000217.1 24929 0.083 0.267
GL000217.1 61979 0.056 0.161
GL000217.1 65301 0.077 0.214
GL000217.1 79921 0.071 0.231
GL000217.1 79955 0.071 0.231
GL000217.1 109403 0.063 0.161
GL000217.1 127969 0.1 0.333
GL000217.1 127980 0.1 0.333
GL000216.1 71111 0.057 0.128
GL000216.1 74317 0.049 0.161
GL000216.1 76996 0.049 0.203
GL000216.1 94535 0.028 0.1
GL000216.1 95724 0.028 0.115
GL000216.1 95927 0.023 0.204
GL000216.1 105530 0.052 0.127
GL000216.1 129410 0.039 0.178
GL000216.1 158726 0.016 0.117
GL000216.1 168637 0.033 0.123
GL000205.1 16973 0.1 0.333
GL000205.1 16990 0.084 0.3
GL000205.1 52331 0.048 0.139
GL000205.1 123135 0.012 0.132
GL000205.1 124740 0.033 0.159
GL000205.1 128634 0.031 0.127
GL000205.1 128662 0.028 0.115
GL000219.1 61320 0.024 0.157
GL000224.1 57733 0.046 0.346
GL000195.1 95723 0.017 0.102
GL000195.1 112253 0.027 0.156
GL000195.1 128499 0.031 0.111
GL000195.1 132186 0.077 0.384
GL000212.1 12353 0.05 0.195
GL000212.1 17380 0.065 0.227
GL000212.1 17522 0.044 0.278
GL000212.1 17560 0.048 0.203
GL000212.1 34758 0.056 0.192
GL000212.1 157041 0.035 0.185
GL000222.1 54330 0.059 0.208
GL000222.1 54360 0.045 0.215
GL000222.1 59058 0.091 0.125
GL000222.1 62986 0.063 0.133
GL000222.1 69374 0.083 0.249
GL000222.1 95583 0.043 0.304
GL000193.1 94708 0.06 0.429
GL000193.1 143787 0.027 0.171
GL000194.1 47114 0.075 0.252
GL000194.1 53122 0.024 0.105
GL000194.1 58736 0.032 0.157
GL000194.1 65913 0.048 0.125
GL000194.1 83434 0.026 0.158
GL000194.1 98841 0.034 0.199
GL000194.1 128986 0.045 0.102
GL000194.1 149527 0.081 0.236
GL000194.1 166955 0.083 0.273
GL000225.1 78773 0.032 0.188
GL000225.1 104686 0.039 0.235
GL000225.1 122101 0.035 0.182
GL000225.1 122134 0.038 0.137
GL000225.1 137632 0.049 0.225
GL000225.1 145385 0.052 0.115
GL000225.1 146241 0.035 0.338
GL000225.1 163878 0.053 0.183
GL000225.1 174848 0.036 0.2
GL000225.1 174880 0.036 0.206
GL000225.1 176889 0.04 0.117
GL000225.1 176907 0.039 0.105
GL000225.1 200233 0.033 0.111
GL000192.1 346972 0.063 0.157
GL000192.1 347039 0.059 0.233
GL000192.1 347377 0.056 0.17
GL000192.1 504855 0.045 0.165
